负样本：
29个：
[37, 70, 116, 147, 192, 222, 268, 300, 335, 366, 400, 435, 467, 500, 532, 566, 600, 642, 675, 700, 730, 760, 820, 850, 885, 918, 950, 1000]
87个
[11, 22, 33, 44, 55, 66, 77, 88, 99, 110, 121, 132, 143, 154, 165, 176, 187, 198, 209, 220, 242, 253, 264, 275,
 286, 297, 319, 330, 341, 352, 363, 374, 385, 396, 407, 417, 429, 440, 451, 462, 473, 484, 495, 506, 517, 528,
 539, 550, 561, 572, 583, 594, 605, 616, 627, 638, 649, 660, 672, 682, 693, 704, 715, 726, 737, 748, 759, 770,
 792, 803, 814, 825, 836, 847, 858, 869, 880, 891, 902, 913, 924, 935, 946, 957, 968, 979, 990]
正样本：
29个
[27, 29, 30, 50, 118, 125, 178, 180, 183, 186, 205, 213, 308, 357, 358, 406, 418, 433, 438, 527, 661, 671, 717, 1081, 1082, 1083, 1084, 1085, 1086]