0.0 0.0 1.0 0.0 0.0 1.0 12.0 98.0 0.0 0.0 2.0 1.0
0.0 0.0 1.0 0.16666666666666666 0.0 0.0 10.0 73.0 0.0 0.0 0.0 0.0
1.0 1.0 2.0 0.0 0.0 0.5 5.0 23.0 0.0 0.0 0.0 4.0
1.0 0.0 2.0 0.0 0.0 0.5 4.0 20.0 0.0 0.0 0.0 3.0
2.0 1.0 2.0 0.5 0.0 0.2916666666666667 12.0 77.0 0.0 0.0 1.0 5.0
0.0 3.0 1.0 1.0 0.0 1.0 7.0 35.0 0.0 0.0 2.0 7.0
0.0 1.0 1.0 1.0 0.0 0.25 5.0 14.0 0.0 0.0 1.0 5.0
5.0 8.0 1.0 0.359529537556803 0.8987090367428004 0.06935975609756098 181.0 946.0 0.0 1.0 19.0 83.0
0.0 1.0 1.0 0.3111111111111111 0.33333333333333337 0.4 37.0 287.0 0.0 1.0 3.0 5.0
1.0 0.0 3.0 0.6666666666666666 0.5 1.0 8.0 58.0 0.0 1.0 3.0 5.0
10.0 3.0 2.0 0.5204301075268817 0.0 0.0 518.0 2243.0 1.0 1.0 1.0 0.0
0.0 0.0 5.0 0.0 0.0 0.0 13.0 80.0 0.0 0.0 0.0 2.0
0.0 0.0 4.0 0.0 0.0 0.0 2.0 43.0 0.0 0.0 0.0 1.0
0.0 1.0 7.0 0.0 0.0 0.125 42.0 334.0 0.0 0.0 1.0 15.0
3.0 0.0 5.0 0.0 0.0 0.16666666666666666 11.0 79.0 0.0 0.0 0.0 7.0
0.0 0.0 5.0 0.0 0.0 0.0 5.0 45.0 0.0 0.0 0.0 4.0
0.0 3.0 1.0 0.0 0.0 0.0 32.0 225.0 0.0 0.0 0.0 0.0
0.0 0.0 6.0 0.3333333333333333 0.0 0.0 5.0 184.0 0.0 0.0 0.0 4.0
1.0 1.0 5.0 0.05161290322580645 0.0 0.3333333333333333 36.0 514.0 0.0 0.0 0.0 10.0
1.0 6.0 1.0 0.015300546448087432 0.0 0.0 218.0 1427.0 0.0 0.0 0.0 0.0
1.0 3.0 7.0 0.0 0.33333333333333326 0.0 14.0 110.0 0.0 0.0 3.0 4.0
0.0 4.0 6.0 0.0 0.0 0.13541666666666666 38.0 979.0 0.0 0.0 0.0 25.0
2.0 0.0 6.0 0.0 0.0 0.0 29.0 154.0 0.0 0.0 0.0 24.0
0.0 0.0 5.0 0.0 0.0 0.0 2.0 30.0 0.0 0.0 0.0 2.0
3.0 0.0 6.0 0.0 0.0 0.0 4.0 49.0 0.0 0.0 0.0 2.0
0.0 2.0 1.0 0.0 0.0 0.42857142857142855 17.0 120.0 0.0 0.0 0.0 7.0
0.0 0.0 5.0 0.20833333333333334 0.5714285714285714 0.17777777777777778 26.0 200.0 0.0 0.0 3.0 16.0
5.0 0.0 5.0 0.0 0.0 0.0 90.0 1357.0 0.0 0.0 0.0 15.0
0.0 0.0 6.0 0.0 0.0 0.0 7.0 41.0 0.0 0.0 0.0 2.0
0.0 0.0 7.0 0.1 0.5 0.0 6.0 66.0 0.0 0.0 3.0 4.0
0.0 0.0 1.0 0.2727272727272727 0.5625 0.125 15.0 80.0 0.0 1.0 4.0 9.0
1.0 0.0 3.0 0.007541478129713424 0.0 0.0 83.0 503.0 0.0 0.0 0.0 5.0
0.0 2.0 7.0 0.3333333333333333 0.5833333333333334 0.25 15.0 90.0 0.0 0.0 3.0 9.0
5.0 0.0 2.0 0.0 0.0 0.0 13.0 58.0 0.0 0.0 0.0 2.0
0.0 0.0 2.0 0.0 0.0 0.0 2.0 17.0 0.0 0.0 0.0 2.0
2.0 2.0 3.0 0.06666666666666667 0.0 0.25 15.0 144.0 0.0 0.0 0.0 7.0
0.0 1.0 1.0 0.1 0.0 0.25 15.0 55.0 0.0 0.0 3.0 6.0
0.0 0.0 1.0 0.0 0.0 0.0 18.0 84.0 0.0 0.0 0.0 0.0
0.0 2.0 1.0 0.43636363636363634 0.65 0.18181818181818182 69.0 242.0 0.0 0.0 10.0 12.0
2.0 0.0 1.0 0.3333333333333333 0.0 0.5555555555555556 7.0 45.0 0.0 0.0 2.0 4.0
1.0 1.0 1.0 0.20833333333333334 0.6111111111111112 0.075 77.0 266.0 0.0 3.0 4.0 20.0
2.0 2.0 3.0 0.0 0.0 0.10555555555555556 47.0 219.0 0.0 0.0 0.0 21.0
8.0 6.0 2.0 0.08571428571428572 1.5171597633136096 0.48 78.0 310.0 0.0 1.0 16.0 22.0
0.0 0.0 2.0 0.8571428571428571 0.4444444444444445 0.19047619047619047 18.0 76.0 0.0 0.0 3.0 8.0
4.0 2.0 3.0 0.13333333333333333 0.6666666666666666 0.1 17.0 89.0 0.0 2.0 3.0 14.0
0.0 3.0 2.0 0.08888888888888889 0.75 0.0 13.0 73.0 0.0 1.0 4.0 11.0
1.0 3.0 3.0 0.0 0.0 0.13333333333333333 18.0 94.0 0.0 0.0 0.0 12.0
8.0 12.0 2.0 0.20918367346938777 0.3333333333333333 0.05952380952380952 180.0 799.0 0.0 0.0 3.0 48.0
0.0 1.0 2.0 0.0 0.0 0.5 8.0 37.0 0.0 0.0 0.0 4.0
1.0 1.0 2.0 0.0 0.0 0.5 4.0 21.0 0.0 0.0 0.0 3.0
1.0 2.0 3.0 0.6666666666666666 0.9166666666666667 0.4777777777777778 21.0 142.0 0.0 0.0 7.0 13.0
2.0 7.0 1.0 0.27705627705627706 0.8235294117647058 0.18181818181818182 61.0 325.0 0.0 1.0 7.0 23.0
26.0 4.0 3.0 0.09388335704125178 1.2555555555555555 0.9666666666666667 115.0 872.0 0.0 1.0 12.0 29.0
4.0 0.0 1.0 0.0 0.0 0.6875 8.0 63.0 0.0 0.0 0.0 4.0
0.0 2.0 2.0 0.14545454545454545 0.8421052631578948 0.2727272727272727 21.0 179.0 0.0 8.0 19.0 13.0
16.0 8.0 5.0 1.0512820512820513 0.768 0.1076923076923077 81.0 455.0 0.0 0.0 25.0 14.0
0.0 2.0 4.0 0.0 0.0 0.3333333333333333 3.0 29.0 0.0 0.0 0.0 3.0
3.0 5.0 2.0 0.0 0.0 0.14423076923076922 76.0 331.0 0.0 0.0 0.0 13.0
2.0 2.0 4.0 0.47619047619047616 0.25 0.19047619047619047 15.0 77.0 0.0 0.0 2.0 7.0
18.0 14.0 4.0 0.21666666666666667 0.74 0.07916666666666666 45.0 269.0 0.0 2.0 5.0 16.0
23.0 14.0 5.0 0.03333333333333333 0.75 0.09090909090909091 77.0 615.0 0.0 0.0 8.0 15.0
1.0 3.0 2.0 0.0 0.0 0.1875 14.0 65.0 0.0 0.0 0.0 8.0
4.0 14.0 4.0 0.17316017316017315 0.9576470588235295 0.10606060606060606 65.0 480.0 10.0 2.0 50.0 23.0
9.0 9.0 1.0 0.10917874396135266 0.9496774193548387 0.034574468085106384 115.0 563.0 11.0 3.0 25.0 48.0
0.0 1.0 2.0 0.16666666666666666 0.0 0.375 6.0 33.0 0.0 0.0 1.0 5.0
1.0 6.0 5.0 0.2777777777777778 0.08333333333333326 0.125 27.0 219.0 0.0 0.0 3.0 9.0
1.0 2.0 2.0 1.0 0.4375 0.5 4.0 78.0 0.0 0.0 8.0 3.0
13.0 2.0 3.0 0.2222222222222222 0.6 0.16666666666666666 14.0 164.0 5.0 0.0 5.0 10.0
2.0 2.0 2.0 1.0 0.3333333333333333 0.3333333333333333 13.0 70.0 0.0 2.0 2.0 4.0
0.0 9.0 4.0 0.0 0.0 0.625 4.0 57.0 0.0 0.0 0.0 3.0
1.0 4.0 3.0 1.0 0.375 0.42857142857142855 11.0 97.0 0.0 0.0 4.0 3.0
0.0 0.0 1.0 0.0 0.0 0.0 2.0 10.0 0.0 1.0 1.0 2.0
11.0 5.0 2.0 0.4632352941176471 0.7708333333333333 0.09595959595959595 69.0 425.0 0.0 2.0 9.0 23.0
2.0 9.0 1.0 0.0 0.0 0.05982905982905983 51.0 217.0 0.0 0.0 1.0 39.0
0.0 1.0 1.0 0.2 0.7333333333333333 0.2 9.0 33.0 0.0 4.0 3.0 6.0
0.0 1.0 1.0 0.6 0.0 0.2 6.0 28.0 0.0 0.0 1.0 6.0
0.0 0.0 5.0 0.0 0.0 0.0 8.0 12.0 0.0 0.0 0.0 8.0
0.0 0.0 1.0 0.0 0.0 0.1111111111111111 10.0 29.0 0.0 0.0 0.0 10.0
44.0 23.0 3.0 0.18006349206349206 0.8954751131221719 0.05617352614015573 830.0 4952.0 0.0 2.0 26.0 125.0
122.0 27.0 5.0 0.47122898413450154 0.9454228421970358 0.03838383838383838 1336.0 5549.0 0.0 10.0 37.0 202.0
72.0 17.0 1.0 0.38356589147286824 0.9442188879082083 0.028545673076923076 1092.0 4567.0 29.0 6.0 55.0 313.0
61.0 18.0 1.0 0.08376600899965386 0.9593253968253969 0.03864734299516908 613.0 3123.0 0.0 5.0 63.0 109.0
37.0 13.0 2.0 0.02208660273176402 0.937912087912088 0.050652173913043476 471.0 2032.0 0.0 5.0 26.0 185.0
52.0 23.0 4.0 0.09866220735785954 0.9431818181818182 0.030434782608695653 463.0 2659.0 0.0 5.0 32.0 92.0
35.0 24.0 5.0 0.15771936319881524 1.5737179487179487 0.24760765550239233 504.0 2424.0 0.0 4.0 10.0 76.0
21.0 10.0 1.0 0.036048458583669854 0.9719238741285096 0.043256997455470736 476.0 2552.0 1.0 17.0 61.0 135.0
19.0 28.0 2.0 0.02328159645232816 0.9819659639319278 0.027151515151515152 433.0 1982.0 0.0 34.0 62.0 166.0
55.0 23.0 3.0 0.397212543554007 0.8927113702623907 0.05982905982905983 316.0 2179.0 0.0 0.0 49.0 40.0
25.0 12.0 2.0 0.16068122917437985 0.9077380952380952 0.09005083514887437 314.0 1822.0 0.0 11.0 28.0 82.0
78.0 12.0 1.0 0.028722395339384907 0.927437641723356 0.04635416666666667 353.0 1607.0 0.0 5.0 18.0 122.0
40.0 18.0 3.0 0.1538136041468317 0.8701298701298702 1.0381766381766382 460.0 2256.0 5.0 0.0 12.0 139.0
62.0 10.0 1.0 0.2840711049146044 0.9443478260869564 0.04112931334959916 580.0 2228.0 17.0 4.0 45.0 154.0
13.0 15.0 2.0 0.05504587155963303 0.6833333333333333 0.025889967637540454 375.0 1728.0 0.0 5.0 8.0 107.0
0.0 0.0 0.0 0.0 0.0 0.04534883720930233 172.0 243.0 0.0 0.0 61.0 172.0
0.0 0.0 0.0 0.0 0.0 0.04534883720930233 172.0 243.0 0.0 0.0 61.0 172.0
33.0 27.0 1.0 0.07974683544303797 0.9619815668202766 0.04452054794520548 297.0 1803.0 0.0 9.0 42.0 74.0
18.0 4.0 1.0 0.04427746131782006 0.9053308823529411 0.05505952380952381 357.0 1953.0 2.0 0.0 16.0 225.0
20.0 16.0 1.0 0.14492753623188406 0.8860544217687074 0.05709090909090909 291.0 1240.0 0.0 5.0 12.0 111.0
6.0 14.0 1.0 0.26554621848739496 0.8830357142857144 0.08163265306122448 271.0 1376.0 0.0 1.0 40.0 36.0
26.0 21.0 4.0 0.3059163059163059 0.9444444444444444 0.030742204655248132 325.0 1383.0 0.0 9.0 32.0 100.0
55.0 15.0 1.0 0.2195483154387264 0.9159663865546218 0.06756756756756757 274.0 1644.0 0.0 2.0 28.0 75.0
29.0 16.0 3.0 0.2844702467343977 0.9166666666666666 0.041708043694141016 264.0 1190.0 0.0 16.0 21.0 53.0
54.0 15.0 1.0 0.27766116941529234 0.9579489962018448 0.03137254901960784 409.0 1747.0 15.0 2.0 38.0 157.0
28.0 18.0 3.0 0.3352685050798258 0.8861788617886179 0.05 277.0 1270.0 0.0 5.0 27.0 52.0
