4.0 4.0 1.0 0.080338266384778 0.6617647058823529 0.04883720930232558 108.0 488.0 0.0 8.0 4.0 50.0
6.0 7.0 2.0 0.0 0.5 1.0 39.0 155.0 0.0 0.0 2.0 2.0
6.0 3.0 1.0 0.030303030303030304 0.0 1.0 33.0 197.0 0.0 0.0 0.0 1.0
0.0 0.0 2.0 0.7142857142857143 0.4166666666666667 0.16666666666666666 9.0 45.0 0.0 1.0 2.0 8.0
0.0 1.0 1.0 0.6666666666666666 0.5 0.25 9.0 42.0 0.0 0.0 3.0 5.0
1.0 0.0 2.0 0.3787878787878788 0.6333333333333333 0.08333333333333333 23.0 116.0 0.0 6.0 6.0 14.0
5.0 4.0 2.0 1.0 0.5 0.0 11.0 80.0 0.0 0.0 4.0 4.0
0.0 0.0 1.0 0.6 0.0 0.0 6.0 42.0 0.0 0.0 0.0 0.0
4.0 5.0 2.0 1.0 0.5555555555555555 0.3333333333333333 15.0 107.0 0.0 1.0 6.0 6.0
4.0 1.0 2.0 1.0 0.0 0.5 7.0 79.0 0.0 0.0 1.0 3.0
1.0 1.0 1.0 0.7142857142857143 0.0 0.14285714285714285 11.0 55.0 0.0 2.0 1.0 8.0
16.0 4.0 9.0 0.7010159651669086 1.9111111111111114 2.05 161.0 583.0 4.0 8.0 12.0 54.0
1.0 2.0 3.0 0.28076923076923077 0.6964285714285714 1.1280000000000001 77.0 340.0 0.0 5.0 7.0 34.0
5.0 2.0 3.0 0.5982905982905983 0.43333333333333335 0.5 50.0 234.0 0.0 0.0 6.0 21.0
0.0 0.0 2.0 0.3333333333333333 0.0 0.5 7.0 23.0 2.0 0.0 2.0 3.0
5.0 5.0 1.0 0.4 0.8333333333333334 0.2 19.0 121.0 1.0 0.0 4.0 5.0
0.0 0.0 2.0 0.0 0.0 1.0 2.0 33.0 0.0 0.0 0.0 1.0
2.0 0.0 2.0 0.0 0.0 0.0 5.0 54.0 0.0 0.0 0.0 3.0
1.0 2.0 1.0 1.0 0.0 0.0 3.0 65.0 0.0 0.0 0.0 1.0
3.0 1.0 1.0 0.0 0.0 0.0 4.0 60.0 1.0 0.0 1.0 3.0
4.0 1.0 4.0 1.0 0.0 0.0 9.0 79.0 1.0 0.0 1.0 3.0
2.0 4.0 1.0 0.4 0.0 0.5625 16.0 182.0 1.0 0.0 1.0 4.0
0.0 1.0 1.0 0.0 0.0 0.0 1.0 51.0 1.0 0.0 2.0 1.0
0.0 6.0 4.0 0.26373626373626374 0.7428571428571429 0.6428571428571428 25.0 169.0 1.0 4.0 7.0 12.0
139.0 15.0 26.0 0.32223393045310844 4.853425787536229 0.6198495948495948 606.0 2606.0 0.0 1.0 62.0 328.0
38.0 6.0 10.0 0.011220196353436185 2.2904411764705883 0.049679487179487176 246.0 2802.0 1.0 0.0 24.0 89.0 
34.0 8.0 1.0 0.26732498677481925 0.5555555555555556 0.08812546676624347 206.0 3474.0 1.0 0.0 2.0 103.0 
98.0 47.0 7.0 0.0 0.9634634634634635 0.5272916666666667 530.0 2610.0 1.0 17.0 60.0 161.0 
59.0 30.0 16.0 0.3970588235294118 3.001849217638691 2.701890756302521 489.0 2174.0 0.0 6.0 48.0 146.0 
23.0 11.0 17.0 0.19176245210727963 2.4553571428571432 5.288648860958367 256.0 1161.0 0.0 7.0 21.0 133.0 
32.0 25.0 4.0 0.4936329588014981 2.2813156512605044 0.6997354497354497 264.0 1454.0 0.0 13.0 47.0 85.0 
129.0 45.0 24.0 0.21762452107279684 4.806399782135076 3.0069423819423817 502.0 2256.0 1.0 16.0 91.0 149.0