0.0 0.0 4.0 0.4 0.75 0.3 12.0 54.0 0.0 3.0 4.0 5.0
8.0 1.0 2.0 0.8666666666666667 0.0 0.0 74.0 400.0 0.0 4.0 4.0 2.0
0.0 0.0 2.0 0.3 0.0 0.4 15.0 82.0 0.0 0.0 1.0 6.0
4.0 5.0 3.0 0.16176470588235295 0.8787878787878788 0.11764705882352941 34.0 106.0 0.0 2.0 6.0 21.0
0.0 2.0 2.0 0.0 0.0 1.0 3.0 16.0 0.0 0.0 0.0 2.0
14.0 7.0 1.0 0.14545454545454545 0.8111111111111111 0.25757575757575757 45.0 222.0 0.0 2.0 10.0 14.0
0.0 1.0 1.0 0.4 0.125 0.3333333333333333 17.0 74.0 0.0 0.0 4.0 8.0
4.0 1.0 2.0 0.0 0.7875 0.13541666666666666 33.0 157.0 0.0 4.0 5.0 17.0
0.0 3.0 8.0 0.0 0.7 1.0 6.0 67.0 0.0 0.0 5.0 4.0
3.0 1.0 3.0 0.13186813186813187 0.6142857142857143 0.16071428571428573 92.0 443.0 0.0 0.0 17.0 19.0
9.0 2.0 4.0 0.42424242424242425 1.9166666666666667 1.7444444444444445 45.0 280.0 0.0 0.0 9.0 16.0
3.0 0.0 1.0 0.0 0.0 0.5 12.0 143.0 0.0 0.0 0.0 2.0
0.0 0.0 7.0 0.0 0.0 0.5 3.0 20.0 0.0 0.0 0.0 3.0
5.0 2.0 2.0 0.16666666666666666 0.8412698412698413 0.19444444444444445 17.0 98.0 0.0 0.0 9.0 10.0
0.0 2.0 1.0 0.0 0.6000000000000001 0.0 6.0 79.0 5.0 0.0 5.0 2.0
5.0 1.0 3.0 0.26666666666666666 0.625 0.3333333333333333 22.0 98.0 0.0 1.0 6.0 7.0
3.0 1.0 3.0 0.3185483870967742 0.9116847826086957 0.09655172413793103 258.0 1598.0 0.0 0.0 35.0 31.0
3.0 1.0 1.0 0.0 0.0 0.0 9.0 60.0 0.0 0.0 1.0 1.0
0.0 2.0 1.0 0.017345399698340876 0.9804255319148936 0.1201923076923077 55.0 195.0 0.0 0.0 25.0 52.0
16.0 14.0 8.0 0.07450980392156863 2.0666666666666664 1.2916666666666667 114.0 716.0 0.0 8.0 12.0 25.0
4.0 3.0 4.0 0.1764705882352941 1.5571428571428572 0.4444444444444444 50.0 357.0 6.0 2.0 12.0 6.0
0.0 0.0 1.0 0.0 0.0 0.0 4.0 42.0 0.0 0.0 0.0 0.0
5.0 6.0 6.0 0.49450549450549447 0.3333333333333333 0.3 44.0 241.0 0.0 0.0 7.0 10.0
9.0 2.0 7.0 0.35555555555555557 0.9583333333333334 0.6944444444444444 26.0 208.0 0.0 0.0 8.0 9.0
2.0 2.0 2.0 0.32142857142857145 0.65 0.23809523809523808 32.0 112.0 0.0 2.0 4.0 8.0
1.0 2.0 2.0 0.6666666666666666 0.75 0.4166666666666667 11.0 57.0 0.0 1.0 4.0 5.0
1.0 3.0 2.0 0.0 1.0 1.0 41.0 185.0 2.0 0.0 3.0 5.0
3.0 2.0 2.0 0.0033613445378151263 0.0 0.1 271.0 716.0 0.0 1.0 1.0 20.0
0.0 0.0 1.0 0.48 0.7203947368421053 0.125 98.0 447.0 1.0 2.0 16.0 30.0
5.0 1.0 4.0 0.21428571428571427 0.6666666666666667 0.1875 38.0 149.0 3.0 0.0 6.0 11.0
2.0 1.0 1.0 0.03636363636363636 0.0 0.0 109.0 253.0 0.0 0.0 0.0 0.0
0.0 0.0 1.0 0.14285714285714285 0.0 0.2857142857142857 18.0 67.0 0.0 0.0 1.0 7.0
0.0 2.0 4.0 0.0 0.0 0.3333333333333333 21.0 66.0 0.0 1.0 1.0 7.0
2.0 1.0 1.0 0.09523809523809523 0.46875 0.1111111111111111 99.0 303.0 0.0 1.0 4.0 11.0
0.0 1.0 2.0 0.0 0.0 0.8888888888888888 16.0 68.0 0.0 0.0 0.0 4.0
2.0 3.0 4.0 0.0 0.0 0.5 10.0 72.0 0.0 0.0 0.0 3.0
0.0 0.0 1.0 0.3333333333333333 0.5 0.6666666666666666 5.0 29.0 0.0 0.0 2.0 4.0
9.0 0.0 20.0 0.18421052631578946 0.6666666666666666 2.5535714285714284 45.0 245.0 0.0 2.0 7.0 26.0
4.0 3.0 15.0 0.28205128205128205 1.2936507936507935 0.8916666666666667 96.0 544.0 0.0 1.0 13.0 34.0
2.0 5.0 9.0 0.042105263157894736 0.8712121212121212 2.2083333333333335 62.0 372.0 0.0 1.0 23.0 21.0
0.0 2.0 7.0 0.0 0.5 0.0 6.0 112.0 0.0 0.0 4.0 3.0
0.0 2.0 17.0 0.9090909090909092 0.7222222222222223 3.5 32.0 222.0 0.0 0.0 7.0 13.0
0.0 3.0 1.0 0.0 0.0 0.5 2.0 16.0 0.0 0.0 0.0 2.0
17.0 9.0 13.0 0.39999999999999997 1.4555555555555555 2.5142857142857142 67.0 416.0 0.0 4.0 20.0 35.0
0.0 2.0 7.0 0.05454545454545454 0.0 1.1666666666666667 13.0 92.0 0.0 0.0 2.0 12.0
6.0 1.0 7.0 0.0 0.0 2.0 24.0 139.0 0.0 0.0 7.0 7.0
2.0 4.0 2.0 0.0 0.5 1.0416666666666667 39.0 160.0 0.0 0.0 7.0 7.0
6.0 2.0 4.0 1.8 0.5333333333333333 0.4 33.0 184.0 0.0 0.0 9.0 9.0
2.0 1.0 1.0 0.4 0.375 0.25 10.0 51.0 0.0 2.0 2.0 7.0
2.0 0.0 1.0 0.0 0.0 0.4444444444444444 12.0 63.0 0.0 0.0 0.0 3.0
0.0 1.0 2.0 1.0 0.0 0.0 4.0 25.0 0.0 1.0 1.0 4.0
0.0 0.0 2.0 1.0 0.0 0.0 3.0 19.0 0.0 0.0 1.0 3.0
3.0 0.0 7.0 1.0 0.1499999999999999 1.0 19.0 210.0 0.0 0.0 20.0 4.0
21.0 2.0 13.0 0.4395604395604396 0.6363636363636364 2.875 33.0 293.0 0.0 0.0 13.0 15.0
0.0 2.0 11.0 0.2909090909090909 0.7619047619047619 2.375 15.0 137.0 0.0 0.0 8.0 10.0
2.0 2.0 1.0 1.0 0.0 0.0 24.0 147.0 0.0 0.0 0.0 0.0
3.0 0.0 2.0 0.6666666666666666 0.7142857142857143 0.6 36.0 171.0 0.0 0.0 7.0 7.0
2.0 2.0 1.0 0.26666666666666666 0.7333333333333333 0.16666666666666666 10.0 55.0 2.0 2.0 3.0 7.0
0.0 2.0 1.0 0.0 0.0 0.625 2.0 11.0 0.0 0.0 0.0 2.0
9.0 10.0 2.0 0.707936507936508 0.7965517241379311 0.6774193548387097 152.0 627.0 0.0 2.0 11.0 35.0
0.0 2.0 2.0 0.0 0.0 0.030659536541889482 95.0 159.0 0.0 0.0 0.0 86.0
11.0 5.0 1.0 0.09071117561683599 0.8846153846153847 0.06382978723404255 156.0 628.0 0.0 13.0 13.0 53.0
5.0 11.0 2.0 0.14164989939637826 0.9408163265306123 0.06666666666666667 217.0 811.0 0.0 8.0 22.0 74.0
0.0 6.0 12.0 0.236911686938128 0.8636363636363636 4.7340067340067336 143.0 534.0 0.0 2.0 12.0 53.0
48.0 6.0 1.0 0.535632183908046 0.7986111111111112 0.19791666666666666 262.0 968.0 0.0 2.0 24.0 25.0
13.0 10.0 1.0 0.16173361522198731 0.0 0.0 164.0 920.0 0.0 6.0 0.0 0.0
27.0 11.0 7.0 0.1320754716981132 1.6993355481727574 0.5514184397163121 153.0 769.0 0.0 13.0 36.0 54.0
75.0 9.0 16.0 0.5771929824561405 0.9619047619047619 4.792307692307692 167.0 849.0 0.0 22.0 30.0 77.0
44.0 21.0 15.0 1.6283716283716283 1.1811807394331666 5.129258098223615 949.0 4342.0 0.0 21.0 62.0 287.0
26.0 16.0 3.0 0.07923809523809523 1.4473684210526314 0.05223529411764706 363.0 1811.0 2.0 17.0 27.0 130.0
16.0 7.0 2.0 0.06454388984509467 0.9366471734892788 0.05921052631578947 283.0 1382.0 0.0 11.0 19.0 77.0
38.0 18.0 60.0 0.6956304619225967 0.9268077601410935 5.70530303030303 290.0 1583.0 0.0 7.0 30.0 88.0
34.0 22.0 20.0 0.39690721649484534 0.9457215836526182 6.029411764705882 300.0 1480.0 9.0 23.0 37.0 93.0
48.0 17.0 8.0 0.13988551156978152 0.0 2.0 553.0 3037.0 0.0 10.0 4.0 8.0
40.0 6.0 4.0 0.29974494021001025 0.8640892785970506 0.018114450391107453 2031.0 5319.0 4.0 1.0 13.0 350.0