2.0 1.0 5.0 0.0 0.0 0.7777777777777778 13.0 61.0 0.0 0.0 1.0 10.0
0.0 3.0 1.0 0.0 0.6666666666666667 0.3333333333333333 11.0 51.0 0.0 0.0 3.0 4.0
0.0 0.0 5.0 0.0 0.0 0.0 1.0 10.0 0.0 0.0 0.0 1.0
2.0 3.0 1.0 0.3333333333333333 0.0 0.3333333333333333 7.0 28.0 0.0 0.0 1.0 4.0
8.0 3.0 3.0 0.05 0.0 1.0666666666666667 33.0 121.0 0.0 4.0 0.0 17.0
4.0 4.0 4.0 0.03636363636363636 0.7936507936507936 1.157142857142857 52.0 205.0 0.0 2.0 9.0 13.0
4.0 2.0 2.0 0.6 0.375 0.2 12.0 104.0 0.0 0.0 2.0 6.0
2.0 2.0 3.0 0.6666666666666666 0.0 0.2222222222222222 15.0 79.0 0.0 0.0 1.0 7.0
4.0 1.0 4.0 0.0 0.0 0.5 5.0 24.0 0.0 0.0 0.0 5.0
3.0 1.0 4.0 0.4 0.5 0.2 8.0 61.0 0.0 2.0 2.0 6.0
0.0 0.0 1.0 0.0 0.0 0.0 3.0 24.0 0.0 0.0 0.0 0.0
3.0 4.0 1.0 0.19047619047619047 0.6875 0.23809523809523808 13.0 74.0 0.0 0.0 4.0 8.0
2.0 1.0 4.0 0.0 0.0 0.5 20.0 114.0 0.0 0.0 0.0 3.0
7.0 13.0 13.0 0.27356321839080455 2.046875 4.0 44.0 311.0 0.0 4.0 18.0 35.0
19.0 3.0 5.0 0.5952380952380952 0.8484848484848485 0.07142857142857142 59.0 262.0 0.0 13.0 10.0 44.0
0.0 1.0 1.0 0.0 0.0 0.25 5.0 18.0 0.0 0.0 0.0 5.0
0.0 0.0 1.0 0.6666666666666666 0.5 0.3333333333333333 7.0 30.0 0.0 1.0 2.0 5.0
8.0 14.0 2.0 0.1693548387096774 0.7875 2.091541353383459 68.0 247.0 0.0 2.0 6.0 33.0
3.0 5.0 1.0 0.0989010989010989 0.4 0.26666666666666666 32.0 128.0 0.0 1.0 2.0 11.0
1.0 3.0 3.0 0.3333333333333333 0.0 0.3333333333333333 6.0 52.0 0.0 0.0 2.0 4.0
0.0 2.0 4.0 0.0 0.5 1.2222222222222223 32.0 102.0 0.0 0.0 2.0 18.0
0.0 2.0 1.0 0.13636363636363635 0.8400000000000001 0.125 16.0 58.0 0.0 6.0 5.0 13.0
0.0 0.0 3.0 0.0 0.0 1.0 16.0 56.0 0.0 0.0 1.0 3.0
0.0 0.0 2.0 1.0 0.0 0.09366391184573003 68.0 147.0 0.0 0.0 1.0 34.0
0.0 5.0 2.0 0.010084033613445379 0.9083333333333333 0.0990990990990991 60.0 240.0 0.0 7.0 8.0 38.0
2.0 4.0 1.0 0.08502024291497975 0.911111111111111 0.05405405405405406 70.0 211.0 0.0 28.0 15.0 40.0
2.0 2.0 3.0 1.0 0.5555555555555555 0.3333333333333333 16.0 90.0 0.0 0.0 3.0 5.0
0.0 0.0 2.0 0.0 0.0 0.625 10.0 48.0 0.0 0.0 0.0 9.0
0.0 1.0 1.0 1.0 0.4444444444444445 1.0 9.0 38.0 0.0 0.0 3.0 4.0
5.0 2.0 2.0 0.0 0.0 0.3 35.0 163.0 0.0 0.0 0.0 10.0
1.0 2.0 3.0 0.14285714285714285 0.0 0.2 16.0 112.0 0.0 0.0 1.0 8.0
1.0 2.0 3.0 0.6 0.0 0.3 10.0 62.0 0.0 0.0 1.0 6.0
3.0 3.0 5.0 0.06666666666666667 0.0 0.375 12.0 66.0 0.0 0.0 1.0 7.0
0.0 1.0 1.0 0.0 0.0 0.5 4.0 19.0 0.0 0.0 1.0 4.0
0.0 1.0 3.0 0.0 0.0 1.0 4.0 25.0 0.0 0.0 1.0 2.0
9.0 4.0 15.0 0.08791208791208792 1.328125 1.5 47.0 306.0 0.0 4.0 11.0 18.0
0.0 1.0 2.0 0.0 0.0 0.4666666666666667 9.0 48.0 0.0 0.0 0.0 6.0
3.0 1.0 1.0 0.03571428571428571 0.0 0.3333333333333333 33.0 174.0 0.0 0.0 1.0 9.0
2.0 1.0 2.0 0.3111111111111111 0.11111111111111116 0.3333333333333333 71.0 330.0 3.0 0.0 3.0 4.0
2.0 3.0 1.0 0.07692307692307693 0.5 0.08333333333333333 23.0 144.0 0.0 0.0 2.0 13.0
1.0 3.0 2.0 0.38181818181818183 0.35714285714285715 0.20833333333333334 13.0 58.0 0.0 0.0 2.0 13.0
0.0 3.0 5.0 0.0 0.0 0.25 17.0 50.0 0.0 0.0 0.0 16.0
2.0 2.0 2.0 1.0 0.0 0.4 26.0 177.0 3.0 0.0 3.0 7.0
3.0 0.0 3.0 1.0 0.0 0.0 2.0 37.0 0.0 0.0 0.0 2.0
1.0 2.0 11.0 0.19607843137254902 0.9301948051948052 0.3819444444444444 131.0 592.0 0.0 29.0 28.0 54.0
0.0 2.0 1.0 0.08333333333333333 0.0 0.25 19.0 119.0 0.0 1.0 0.0 9.0
1.0 2.0 7.0 0.16666666666666666 1.55 0.3333333333333333 10.0 148.0 0.0 1.0 9.0 9.0
17.0 15.0 12.0 0.04633204633204634 0.9090909090909091 6.364701436130007 226.0 888.0 0.0 7.0 11.0 120.0
3.0 5.0 4.0 0.2857142857142857 0.5555555555555556 0.14285714285714285 21.0 106.0 0.0 1.0 3.0 11.0
0.0 0.0 1.0 0.0 0.5 0.0 4.0 19.0 0.0 2.0 2.0 4.0
7.0 6.0 5.0 0.09195402298850575 2.043981481481482 2.5685185185185184 56.0 735.0 0.0 5.0 17.0 29.0
25.0 7.0 13.0 0.025925925925925925 0.95 1.4448590381426203 253.0 1081.0 0.0 8.0 22.0 81.0
11.0 7.0 4.0 0.08161512027491409 0.8920454545454546 0.02556390977443609 277.0 1052.0 0.0 12.0 11.0 96.0
34.0 79.0 27.0 0.0 0.9846846846846846 12.040104166666667 325.0 1723.0 87.0 2.0 107.0 148.0
41.0 51.0 65.0 0.11111111111111117 1.9792843691148776 27.544776119402986 243.0 1233.0 31.0 22.0 75.0 144.0