0.0 2.0 1.0 0.0 0.0 1.0 4.0 32.0 0.0 1.0 0.0 2.0
0.0 6.0 2.0 1.0 0.0 0.25 10.0 62.0 0.0 0.0 1.0 6.0
0.0 1.0 1.0 0.3333333333333333 0.0 0.3333333333333333 4.0 29.0 0.0 0.0 1.0 4.0
0.0 2.0 2.0 0.0 0.0 1.0 8.0 63.0 0.0 0.0 0.0 1.0
0.0 1.0 3.0 0.6666666666666666 0.5 0.0 5.0 38.0 0.0 0.0 2.0 4.0
0.0 2.0 2.0 0.0 0.0 0.5 2.0 15.0 0.0 0.0 0.0 2.0
0.0 0.0 4.0 0.0 0.0 0.0 1.0 9.0 0.0 0.0 0.0 1.0
0.0 3.0 4.0 0.1111111111111111 0.3333333333333333 0.125 13.0 83.0 0.0 0.0 2.0 11.0
0.0 3.0 4.0 0.0 0.0 0.16666666666666666 10.0 55.0 0.0 0.0 0.0 9.0
0.0 3.0 4.0 0.0 0.0 0.16666666666666666 10.0 55.0 0.0 0.0 0.0 9.0
0.0 4.0 4.0 0.2222222222222222 0.5333333333333333 0.1111111111111111 14.0 96.0 0.0 0.0 3.0 12.0
0.0 0.0 1.0 0.0 0.0 0.625 4.0 26.0 0.0 0.0 0.0 2.0
0.0 1.0 2.0 1.0 0.0 0.13090909090909092 52.0 218.0 0.0 0.0 0.0 26.0
0.0 6.0 43.0 0.0 0.0 0.0 14.0 103.0 0.0 1.0 0.0 13.0
0.0 3.0 1.0 0.0 0.0 1.0 15.0 134.0 0.0 1.0 0.0 2.0
0.0 0.0 6.0 0.0 0.0 0.0 4.0 50.0 0.0 0.0 0.0 4.0
9.0 10.0 3.0 0.12307692307692308 0.943609022556391 0.05092592592592592 50.0 353.0 0.0 0.0 28.0 25.0
2.0 21.0 3.0 0.025408348457350273 1.3527999999999998 0.02125506072874494 94.0 590.0 0.0 0.0 30.0 56.0
0.0 0.0 4.0 0.2 0.0 0.0 8.0 74.0 0.0 0.0 0.0 5.0
11.0 28.0 5.0 0.004153686396677052 1.7728395061728395 2.605789138397834 174.0 863.0 0.0 0.0 23.0 107.0
0.0 0.0 5.0 0.41818181818181815 0.6428571428571429 0.10606060606060606 21.0 165.0 0.0 0.0 4.0 11.0
0.0 0.0 1.0 0.6666666666666666 0.0 0.5 14.0 94.0 0.0 1.0 1.0 4.0
3.0 5.0 3.0 0.022222222222222223 0.0 0.1 16.0 56.0 0.0 0.0 1.0 11.0
1.0 1.0 5.0 0.0 0.0 0.07258064516129033 93.0 382.0 0.0 0.0 1.0 32.0
0.0 0.0 1.0 0.0 0.0 0.0 10.0 137.0 0.0 0.0 0.0 0.0
0.0 2.0 1.0 0.0 0.0 1.0 4.0 29.0 0.0 1.0 0.0 2.0
0.0 2.0 1.0 0.0 0.0 1.0 4.0 30.0 0.0 1.0 0.0 2.0
0.0 2.0 1.0 0.0 0.0 1.0 4.0 30.0 0.0 1.0 0.0 2.0
8.0 4.0 3.0 0.6 0.6 0.3 38.0 234.0 0.0 0.0 13.0 6.0
0.0 0.0 1.0 0.14285714285714285 0.0 0.2 10.0 54.0 0.0 0.0 1.0 6.0
0.0 3.0 1.0 0.10714285714285714 0.9333333333333332 0.16666666666666666 17.0 91.0 0.0 0.0 10.0 9.0
0.0 0.0 1.0 1.0 0.0 0.25 11.0 44.0 0.0 0.0 1.0 5.0
0.0 2.0 2.0 0.0 0.0 1.0 4.0 33.0 0.0 0.0 0.0 1.0
0.0 5.0 6.0 0.40909090909090906 0.3333333333333333 0.3666666666666667 29.0 136.0 0.0 0.0 3.0 14.0
0.0 3.0 1.0 0.32142857142857145 0.6666666666666666 0.125 14.0 70.0 0.0 0.0 3.0 8.0
0.0 5.0 6.0 0.40909090909090906 0.3333333333333333 0.3666666666666667 19.0 106.0 0.0 0.0 3.0 14.0
0.0 5.0 6.0 0.40909090909090906 0.3333333333333333 0.3666666666666667 31.0 142.0 0.0 0.0 3.0 14.0
0.0 3.0 2.0 0.36363636363636365 1.1083333333333334 0.14285714285714285 28.0 171.0 0.0 0.0 7.0 13.0
0.0 1.0 3.0 0.6666666666666666 0.5 0.0 5.0 38.0 0.0 0.0 2.0 4.0
0.0 0.0 3.0 0.0 0.0 0.0 1.0 8.0 0.0 0.0 0.0 1.0
0.0 3.0 1.0 0.0 0.0 1.0 4.0 37.0 0.0 0.0 0.0 2.0
0.0 2.0 1.0 0.0 0.0 0.09090909090909091 88.0 441.0 0.0 0.0 1.0 45.0
0.0 1.0 1.0 1.0 0.0 0.5 5.0 35.0 0.0 0.0 1.0 2.0
0.0 4.0 7.0 1.0714285714285714 1.0333333333333332 0.8 35.0 211.0 0.0 0.0 7.0 10.0
6.0 1.0 1.0 0.35714285714285715 0.7486631016042781 0.2125 327.0 1011.0 1.0 1.0 11.0 22.0
0.0 4.0 1.0 0.2087912087912088 0.5833333333333334 0.09090909090909091 18.0 108.0 0.0 6.0 4.0 15.0
0.0 3.0 4.0 0.0 0.0 0.16666666666666666 10.0 55.0 0.0 0.0 0.0 9.0
0.0 4.0 4.0 0.2909090909090909 0.5416666666666666 0.1 14.0 105.0 0.0 0.0 4.0 13.0
0.0 3.0 4.0 0.0 0.0 0.16666666666666666 10.0 55.0 0.0 0.0 0.0 9.0
0.0 5.0 4.0 0.34285714285714286 0.6799999999999999 0.07142857142857142 22.0 158.0 0.0 0.0 5.0 17.0
0.0 3.0 4.0 0.1111111111111111 0.3333333333333333 0.125 13.0 83.0 0.0 0.0 2.0 11.0
0.0 3.0 4.0 0.07142857142857142 0.0 0.14285714285714285 12.0 71.0 0.0 0.0 1.0 10.0
0.0 3.0 4.0 0.0 0.0 0.16666666666666666 10.0 55.0 0.0 0.0 0.0 9.0
0.0 4.0 4.0 0.2909090909090909 0.5416666666666666 0.1 14.0 105.0 0.0 0.0 4.0 13.0
0.0 3.0 4.0 0.1111111111111111 0.3333333333333333 0.125 13.0 83.0 0.0 0.0 2.0 11.0
0.0 3.0 4.0 0.0 0.0 0.16666666666666666 10.0 55.0 0.0 0.0 0.0 9.0
0.0 4.0 4.0 0.2222222222222222 0.375 0.125 12.0 79.0 0.0 0.0 2.0 11.0
0.0 0.0 4.0 0.0 0.0 0.0 1.0 9.0 0.0 0.0 0.0 1.0
0.0 0.0 6.0 0.3 0.0 0.0 5.0 99.0 0.0 0.0 0.0 5.0
3.0 3.0 1.0 0.0 0.5 1.0 4.0 35.0 0.0 0.0 2.0 2.0
1.0 3.0 2.0 0.0 0.0 1.0 7.0 47.0 0.0 0.0 1.0 2.0
0.0 1.0 1.0 1.0 0.0 0.0 10.0 50.0 0.0 0.0 1.0 5.0
0.0 0.0 3.0 0.6666666666666666 0.0 0.16666666666666666 9.0 58.0 0.0 0.0 1.0 8.0
0.0 3.0 1.0 0.022222222222222223 0.0 0.2 46.0 373.0 0.0 0.0 1.0 6.0
0.0 1.0 3.0 0.9636363636363636 0.3333333333333333 0.09090909090909091 11.0 150.0 0.0 0.0 3.0 11.0
0.0 6.0 3.0 0.9444444444444444 0.3333333333333333 0.20634920634920634 37.0 185.0 0.0 0.0 2.0 14.0
0.0 1.0 4.0 1.0 0.0 0.0 2.0 40.0 0.0 0.0 1.0 2.0
0.0 3.0 1.0 0.0 0.0 1.0 5.0 34.0 0.0 1.0 0.0 2.0
0.0 3.0 1.0 1.0 0.0 0.4 7.0 28.0 0.0 0.0 1.0 7.0
0.0 3.0 1.0 0.5 0.5 0.3 9.0 41.0 0.0 0.0 2.0 6.0
0.0 0.0 1.0 0.125 0.0 0.0 8.0 130.0 0.0 0.0 0.0 1.0
0.0 2.0 6.0 1.0 0.0 0.5 2.0 23.0 0.0 0.0 2.0 2.0
0.0 7.0 11.0 0.0 0.0 2.8333333333333335 26.0 145.0 0.0 0.0 1.0 21.0
1.0 1.0 1.0 0.0 0.8673469387755102 0.0 33.0 313.0 0.0 0.0 14.0 8.0
0.0 5.0 1.0 0.0 0.5 0.16666666666666666 7.0 42.0 0.0 0.0 2.0 7.0
2.0 5.0 2.0 0.26666666666666666 0.8076923076923077 0.22727272727272727 101.0 553.0 0.0 0.0 7.0 27.0
0.0 4.0 1.0 0.5333333333333333 0.625 0.12 18.0 100.0 0.0 0.0 3.0 11.0
0.0 1.0 3.0 0.6166666666666667 0.641025641025641 0.07142857142857142 36.0 338.0 0.0 0.0 3.0 14.0
0.0 0.0 3.0 0.0 0.0 0.3 12.0 83.0 0.0 0.0 0.0 5.0
0.0 0.0 2.0 0.0 0.0 0.0 2.0 14.0 0.0 0.0 0.0 2.0
0.0 0.0 6.0 0.4888888888888889 0.9642857142857143 0.3 31.0 247.0 0.0 0.0 14.0 11.0
0.0 1.0 3.0 0.0 0.0 0.5 5.0 33.0 0.0 1.0 0.0 2.0
0.0 1.0 5.0 0.3333333333333333 0.0 0.0 3.0 36.0 0.0 0.0 1.0 3.0
0.0 5.0 1.0 0.6043956043956044 0.6 0.13392857142857142 47.0 253.0 0.0 0.0 4.0 15.0
0.0 7.0 4.0 0.0 0.5 1.2 23.0 111.0 0.0 0.0 2.0 7.0
0.0 0.0 5.0 0.18421052631578946 0.3888888888888889 0.16666666666666666 25.0 223.0 0.0 0.0 2.0 20.0
0.0 4.0 5.0 0.12727272727272726 0.8125 0.1388888888888889 14.0 122.0 0.0 0.0 8.0 9.0
0.0 0.0 5.0 0.0 0.0 0.0 3.0 37.0 0.0 0.0 0.0 1.0
0.0 0.0 1.0 0.38095238095238093 0.8020833333333334 0.18333333333333332 27.0 180.0 0.0 5.0 8.0 16.0
5.0 6.0 3.0 0.26 0.5416666666666666 0.05714285714285714 43.0 166.0 0.0 6.0 4.0 27.0
1.0 3.0 2.0 0.2087912087912088 0.3125 0.09523809523809523 20.0 81.0 0.0 2.0 2.0 16.0
4.0 5.0 3.0 0.27816091954022987 0.6695652173913044 0.06666666666666667 53.0 205.0 0.0 8.0 5.0 32.0
0.0 3.0 1.0 0.14545454545454545 0.6857142857142857 0.09090909090909091 13.0 77.0 0.0 5.0 5.0 13.0
0.0 13.0 1.0 0.0 0.0 0.1072041166380789 53.0 159.0 0.0 0.0 0.0 53.0
1.0 1.0 2.0 0.0 0.25 0.0 7.0 50.0 0.0 0.0 2.0 4.0
0.0 0.0 1.0 0.2 0.0 0.0 16.0 109.0 0.0 0.0 0.0 0.0
1.0 1.0 6.0 0.239555790586991 1.443076923076923 0.08232445520581114 144.0 723.0 0.0 32.0 27.0 68.0
0.0 7.0 2.0 0.32765151515151514 0.6826923076923077 0.045454545454545456 79.0 468.0 0.0 0.0 4.0 35.0
0.0 13.0 13.0 0.18787878787878787 0.9048387096774194 0.036707056307911615 236.0 986.0 0.0 0.0 10.0 126.0
5.0 25.0 1.0 0.05819209039548023 0.9588235294117646 0.028160919540229885 124.0 730.0 0.0 0.0 30.0 62.0
0.0 12.0 2.0 0.0565088080530771 0.9658119658119657 0.03563829787234043 205.0 1107.0 0.0 0.0 30.0 98.0
3.0 12.0 2.0 0.0 0.943289224952741 0.02564102564102564 139.0 746.0 0.0 0.0 23.0 58.0
9.0 9.0 6.0 0.08641975308641975 1.689935064935065 0.03406593406593406 146.0 736.0 0.0 4.0 38.0 87.0
4.0 16.0 12.0 0.0676328502415459 1.0 3.422222222222222 93.0 568.0 0.0 0.0 5.0 46.0
39.0 16.0 5.0 0.0 0.8823529411764706 0.0671875 204.0 1078.0 0.0 0.0 12.0 68.0
24.0 4.0 6.0 0.24440411373260737 0.75 0.06318681318681318 158.0 813.0 0.0 0.0 4.0 59.0
3.0 17.0 1.0 0.1393939393939394 0.9349030470914128 0.03742690058479532 92.0 553.0 0.0 0.0 19.0 46.0
2.0 30.0 8.0 0.3430220573077716 1.2911497105045493 1.0238678090575275 211.0 1215.0 0.0 0.0 40.0 104.0
0.0 1.0 6.0 0.0 0.8181818181818182 1.0166666666666666 142.0 744.0 0.0 4.0 5.0 103.0
13.0 12.0 4.0 0.13176470588235295 0.84472049689441 0.5668016194331984 119.0 755.0 0.0 0.0 8.0 42.0
3.0 31.0 2.0 0.05537190082644628 0.9755434782608695 1.0155172413793103 202.0 1164.0 0.0 0.0 47.0 123.0
29.0 20.0 3.0 0.006645569620253165 1.6292782738095237 0.37387387387387383 165.0 902.0 0.0 0.0 35.0 80.0
11.0 28.0 5.0 0.004153686396677052 1.7728395061728395 2.605789138397834 174.0 863.0 0.0 0.0 23.0 107.0
4.0 6.0 8.0 0.21111111111111114 0.960088691796009 0.08093278463648834 156.0 953.0 0.0 3.0 30.0 83.0
1.0 16.0 38.0 0.23822937625754537 0.0 0.15966386554621848 231.0 1610.0 5.0 0.0 39.0 107.0
0.0 0.0 7.0 0.6666666666666666 0.0 1.0 206.0 1464.0 0.0 0.0 3.0 12.0
17.0 56.0 35.0 0.8336775437147179 1.4661654135338347 1.6382553942423363 323.0 1611.0 0.0 0.0 32.0 295.0
17.0 25.0 7.0 0.5775316455696202 2.0245098039215685 1.515903540903541 227.0 1470.0 0.0 0.0 36.0 86.0
10.0 27.0 6.0 0.2293814432989691 3.1703095238095242 0.5176139272913466 244.0 2230.0 0.0 0.0 29.0 103.0
6.0 32.0 2.0 0.015566502463054188 0.9843568196509374 0.8576839826839826 375.0 1790.0 0.0 0.0 66.0 164.0