3.0 5.0 5.0 0.17777777777777778 1.0833333333333335 0.15555555555555556 18.0 99.0 0.0 3.0 4.0 13.0
6.0 0.0 5.0 0.0 0.0 0.0 1.0 39.0 0.0 0.0 0.0 1.0
4.0 0.0 4.0 0.0 0.0 0.0 4.0 39.0 0.0 0.0 0.0 4.0
0.0 2.0 2.0 0.0 0.0 0.0 2.0 17.0 0.0 0.0 0.0 2.0
0.0 0.0 5.0 0.0 0.0 0.0 0.0 7.0 0.0 0.0 0.0 0.0
0.0 1.0 5.0 0.0 0.0 0.0 2.0 15.0 0.0 0.0 0.0 2.0
0.0 0.0 6.0 0.0 0.0 0.0 2.0 37.0 0.0 0.0 0.0 2.0
0.0 1.0 10.0 0.0 0.0 0.0 2.0 25.0 0.0 0.0 0.0 2.0
0.0 3.0 7.0 0.6666666666666666 0.375 0.25 10.0 53.0 0.0 2.0 2.0 9.0
0.0 0.0 6.0 0.0 0.0 0.0 1.0 8.0 0.0 0.0 0.0 1.0
3.0 0.0 4.0 0.0 0.0 0.0 3.0 41.0 0.0 0.0 0.0 3.0
0.0 5.0 8.0 0.19047619047619047 0.5555555555555556 1.3333333333333333 11.0 78.0 0.0 2.0 4.0 10.0
3.0 3.0 1.0 0.0 0.0 1.0 7.0 53.0 0.0 0.0 0.0 1.0
0.0 0.0 5.0 0.0 0.0 0.0 1.0 9.0 0.0 0.0 0.0 1.0
11.0 3.0 33.0 0.0 0.0 3.0 15.0 299.0 0.0 0.0 1.0 13.0
1.0 1.0 3.0 1.0 0.0 0.5 6.0 37.0 0.0 0.0 1.0 6.0
11.0 17.0 10.0 0.0 0.7833333333333333 2.1908602150537635 194.0 929.0 0.0 4.0 6.0 77.0
9.0 16.0 14.0 0.002294893861158921 1.6233333333333333 1.6419098143236073 180.0 928.0 0.0 5.0 15.0 78.0
14.0 10.0 3.0 0.0 0.8678571428571429 0.5056277056277056 162.0 860.0 0.0 6.0 8.0 72.0
9.0 20.0 10.0 0.0 1.4791666666666665 1.743888888888889 223.0 1323.0 0.0 5.0 9.0 98.0 