2.0 3.0 3.0 0.5 0.6666666666666666 0.25 7.0 32.0 0.0 0.0 3.0 4.0
0.0 0.0 1.0 0.0 0.0 0.0 1.0 6.0 0.0 0.0 0.0 0.0
1.0 3.0 1.0 0.1541501976284585 0.8952380952380953 0.08152173913043478 56.0 197.0 0.0 10.0 10.0 24.0
0.0 2.0 1.0 0.13333333333333333 0.5833333333333334 0.16666666666666666 17.0 65.0 0.0 3.0 3.0 10.0
1.0 0.0 1.0 0.0 0.0 0.0 23.0 95.0 0.0 0.0 0.0 0.0
0.0 0.0 3.0 0.0 0.0 0.0 2.0 11.0 0.0 0.0 0.0 2.0
7.0 1.0 5.0 0.3888888888888889 0.78125 0.1388888888888889 24.0 104.0 0.0 3.0 4.0 11.0
2.0 1.0 1.0 1.0 0.0 0.5 8.0 41.0 0.0 0.0 1.0 3.0
4.0 1.0 4.0 0.0 0.0 0.6666666666666666 18.0 87.0 0.0 2.0 2.0 12.0
0.0 0.0 3.0 0.3 0.75 0.4 15.0 98.0 0.0 1.0 4.0 6.0
2.0 3.0 4.0 0.1323529411764706 0.5 1.011111111111111 70.0 316.0 0.0 1.0 3.0 15.0
6.0 3.0 5.0 0.3382352941176471 0.4333333333333333 0.12941176470588237 29.0 113.0 0.0 0.0 3.0 18.0
4.0 4.0 5.0 0.0 0.8333333333333333 0.14814814814814814 30.0 143.0 0.0 2.0 6.0 11.0
1.0 1.0 3.0 0.5 0.6666666666666666 0.375 9.0 40.0 0.0 2.0 3.0 4.0
0.0 1.0 3.0 0.07142857142857142 0.75 0.8333333333333333 33.0 121.0 0.0 1.0 7.0 10.0
8.0 2.0 1.0 0.09333333333333334 0.8571428571428571 0.1130952380952381 50.0 169.0 0.0 4.0 7.0 25.0
2.0 2.0 2.0 0.0 0.0 0.0 4.0 23.0 0.0 0.0 0.0 3.0
3.0 0.0 3.0 0.5 0.6666666666666666 0.3 13.0 40.0 0.0 2.0 3.0 5.0
11.0 0.0 4.0 0.0 0.0 0.625 65.0 238.0 0.0 0.0 0.0 9.0
17.0 9.0 10.0 0.21414141414141413 3.0612373737373737 1.85 124.0 436.0 0.0 27.0 22.0 52.0
0.0 0.0 2.0 0.0 0.0 0.0 4.0 51.0 0.0 0.0 0.0 1.0
0.0 0.0 3.0 0.0 0.0 0.0 3.0 14.0 0.0 0.0 0.0 1.0
0.0 0.0 2.0 1.0 0.0 0.5 3.0 15.0 0.0 0.0 1.0 2.0
0.0 1.0 2.0 1.0 0.0 0.3333333333333333 5.0 22.0 0.0 0.0 1.0 3.0
2.0 1.0 2.0 0.0 0.0 0.0 5.0 30.0 0.0 0.0 0.0 3.0
5.0 2.0 3.0 0.14285714285714285 0.9090909090909092 0.18571428571428572 39.0 187.0 0.0 11.0 11.0 14.0
4.0 1.0 4.0 0.05 0.9090909090909091 0.1875 28.0 112.0 0.0 0.0 6.0 16.0
0.0 0.0 1.0 0.0 0.0 0.0 8.0 37.0 0.0 0.0 1.0 2.0
3.0 1.0 2.0 0.6 0.6 0.16666666666666666 8.0 49.0 0.0 3.0 5.0 7.0
2.0 0.0 3.0 0.4 0.625 0.3333333333333333 8.0 47.0 0.0 0.0 2.0 5.0
6.0 0.0 2.0 0.1 0.0 0.4 11.0 54.0 0.0 0.0 1.0 5.0
0.0 3.0 1.0 0.0761904761904762 0.7142857142857143 0.09090909090909091 62.0 330.0 0.0 12.0 7.0 12.0
5.0 2.0 2.0 0.4444444444444444 0.5 0.1111111111111111 10.0 44.0 0.0 3.0 2.0 9.0
11.0 6.0 5.0 0.05057471264367816 0.9476923076923077 0.05747126436781609 82.0 379.0 0.0 11.0 14.0 30.0
2.0 3.0 3.0 0.05291005291005291 0.0 0.609375 44.0 208.0 0.0 1.0 3.0 29.0
1.0 1.0 1.0 0.05454545454545454 0.0 0.19696969696969696 27.0 71.0 0.0 0.0 1.0 11.0
4.0 3.0 2.0 0.0 0.0 0.6666666666666666 7.0 42.0 0.0 0.0 0.0 2.0
3.0 1.0 4.0 0.4 0.75 0.26666666666666666 13.0 60.0 0.0 1.0 4.0 5.0
0.0 1.0 1.0 0.3333333333333333 0.76 0.23809523809523808 10.0 44.0 0.0 0.0 5.0 7.0
9.0 6.0 7.0 0.10526315789473684 1.7916666666666665 2.123809523809524 40.0 196.0 0.0 5.0 10.0 19.0
2.0 1.0 2.0 0.25 0.5 0.28125 28.0 171.0 0.0 2.0 3.0 15.0
3.0 0.0 4.0 1.0 0.0 0.5 4.0 19.0 0.0 0.0 1.0 4.0
4.0 0.0 4.0 0.0 0.0 0.5 3.0 21.0 0.0 0.0 0.0 2.0
3.0 0.0 2.0 0.3333333333333333 0.0 0.0 9.0 53.0 0.0 0.0 0.0 1.0
1.0 25.0 3.0 1.0 0.0 0.038461538461538464 55.0 223.0 0.0 1.0 1.0 26.0
10.0 8.0 6.0 0.04812834224598931 1.7361038961038964 0.47685185185185186 77.0 328.0 0.0 7.0 12.0 31.0
0.0 1.0 3.0 0.3333333333333333 0.0 0.5 5.0 21.0 0.0 1.0 1.0 4.0
0.0 0.0 3.0 0.3333333333333333 0.0 0.3333333333333333 3.0 17.0 0.0 2.0 1.0 3.0
0.0 5.0 3.0 1.0 0.0 0.2 5.0 21.0 0.0 0.0 1.0 5.0
2.0 4.0 9.0 1.5555555555555556 0.0 0.1111111111111111 21.0 82.0 0.0 0.0 1.0 10.0
1.0 3.0 5.0 1.0 0.0 0.3333333333333333 7.0 45.0 0.0 0.0 1.0 3.0
2.0 4.0 4.0 0.1 0.78125 0.06722689075630252 45.0 156.0 0.0 3.0 4.0 21.0
0.0 0.0 4.0 0.0 0.0 0.0 2.0 10.0 0.0 0.0 0.0 2.0
1.0 1.0 4.0 0.0 0.0 1.0 1.0 7.0 0.0 0.0 0.0 1.0
1.0 2.0 3.0 1.0 0.0 0.2 17.0 66.0 0.0 0.0 1.0 7.0
4.0 3.0 5.0 0.4642857142857143 0.6666666666666666 0.21875 24.0 94.0 0.0 2.0 6.0 9.0
0.0 3.0 1.0 0.010526315789473684 0.0 0.0 105.0 371.0 0.0 1.0 0.0 1.0
0.0 0.0 1.0 0.0 0.0 0.3333333333333333 5.0 28.0 0.0 0.0 0.0 3.0
4.0 0.0 11.0 0.35650623885918004 1.2361111111111112 0.890909090909091 111.0 445.0 0.0 6.0 8.0 41.0
0.0 1.0 1.0 0.0 0.0 0.0 11.0 42.0 0.0 0.0 0.0 0.0
0.0 0.0 2.0 0.4 0.6111111111111112 0.3333333333333333 16.0 64.0 0.0 0.0 6.0 11.0
8.0 12.0 1.0 0.010526315789473684 0.0 1.0 96.0 461.0 0.0 0.0 0.0 1.0
0.0 0.0 2.0 1.0 0.5 0.2222222222222222 19.0 63.0 0.0 0.0 2.0 6.0
0.0 1.0 1.0 0.4 0.7222222222222223 0.3333333333333333 13.0 51.0 0.0 0.0 3.0 7.0
0.0 0.0 2.0 0.0 0.0 0.5 2.0 10.0 0.0 0.0 0.0 2.0
0.0 0.0 2.0 0.0 0.0 0.75 8.0 45.0 0.0 0.0 0.0 3.0
0.0 1.0 2.0 0.0 0.0 0.0 4.0 15.0 0.0 0.0 0.0 4.0
0.0 2.0 2.0 0.0 0.5 0.0 13.0 133.0 0.0 1.0 2.0 2.0
0.0 0.0 3.0 0.0 0.0 0.0 2.0 8.0 0.0 0.0 0.0 2.0
0.0 0.0 1.0 0.0 0.0 0.0 2.0 7.0 0.0 0.0 0.0 2.0
2.0 1.0 4.0 0.2789473684210526 0.0 0.2 27.0 109.0 0.0 0.0 1.0 21.0
0.0 0.0 3.0 0.06593406593406594 0.16666666666666666 0.14285714285714285 21.0 94.0 0.0 0.0 2.0 16.0
0.0 0.0 4.0 0.0 0.0 0.0 7.0 25.0 0.0 0.0 0.0 7.0
1.0 1.0 4.0 0.04 0.0 0.11538461538461539 28.0 163.0 0.0 0.0 0.0 27.0
8.0 0.0 9.0 0.0 0.0 0.0 13.0 81.0 0.0 0.0 0.0 11.0
0.0 0.0 4.0 0.0 0.0 0.0 10.0 62.0 0.0 0.0 0.0 6.0
0.0 0.0 4.0 0.0 0.0 0.0 12.0 48.0 0.0 0.0 0.0 12.0
0.0 0.0 4.0 0.0 0.0 0.0 8.0 30.0 0.0 0.0 0.0 8.0
0.0 1.0 4.0 0.0 0.0 0.1111111111111111 10.0 38.0 0.0 0.0 0.0 10.0
0.0 0.0 4.0 0.0 0.0 0.0 6.0 22.0 0.0 0.0 0.0 6.0
0.0 0.0 4.0 0.0 0.0 0.0 9.0 37.0 0.0 0.0 0.0 9.0
0.0 0.0 4.0 0.0 0.0 0.0 3.0 13.0 0.0 0.0 0.0 3.0
1.0 0.0 4.0 0.0 0.0 0.0 5.0 25.0 0.0 0.0 0.0 5.0
0.0 0.0 3.0 0.0 0.0 0.0 3.0 13.0 0.0 0.0 0.0 2.0
0.0 0.0 4.0 0.0 0.0 0.0 3.0 15.0 0.0 0.0 0.0 3.0
0.0 6.0 19.0 0.19310344827586207 0.0 2.4999999999999996 31.0 141.0 0.0 1.0 4.0 31.0
3.0 0.0 4.0 0.0 0.0 0.0 15.0 110.0 0.0 0.0 0.0 7.0
11.0 9.0 9.0 0.14929577464788732 1.6322981366459628 3.096171171171171 240.0 952.0 0.0 2.0 19.0 60.0
5.0 4.0 3.0 0.0037593984962406013 1.4491039426523296 0.09965034965034965 188.0 737.0 0.0 3.0 13.0 62.0
12.0 1.0 1.0 0.06896551724137931 0.9066666666666666 0.20168067226890757 171.0 751.0 0.0 1.0 15.0 19.0
13.0 6.0 4.0 0.24941176470588236 0.8757575757575757 0.59 134.0 658.0 0.0 5.0 12.0 49.0
12.0 10.0 9.0 0.2 0.9133333333333333 0.06535947712418301 149.0 713.0 0.0 4.0 18.0 40.0
7.0 22.0 24.0 0.2325581395348837 0.8823529411764706 8.412280701754387 143.0 665.0 0.0 6.0 12.0 43.0
8.0 6.0 3.0 0.09308510638297872 0.9318918918918918 0.056818181818181816 163.0 678.0 0.0 14.0 25.0 45.0
4.0 5.0 8.0 0.05346164127238706 0.9762178749520523 1.058139534883721 161.0 614.0 0.0 32.0 33.0 88.0
21.0 8.0 9.0 0.006274509803921568 1.4703065134099615 0.2698051948051948 154.0 586.0 0.0 19.0 31.0 51.0
26.0 12.0 3.0 0.09943502824858758 0.9031141868512111 0.052083333333333336 123.0 481.0 0.0 9.0 17.0 62.0
24.0 13.0 13.0 0.10285714285714284 2.5375086266390614 1.4341397849462365 146.0 559.0 0.0 15.0 30.0 55.0
9.0 19.0 10.0 0.1031210986267166 4.543857832988268 2.9876473063973066 174.0 684.0 0.0 40.0 46.0 91.0
6.0 7.0 6.0 0.20441347270615565 3.0411810411810407 1.1481481481481481 83.0 392.0 0.0 10.0 20.0 42.0
20.0 5.0 1.0 0.2056451612903226 0.8666666666666667 0.096875 102.0 496.0 0.0 6.0 9.0 33.0
13.0 2.0 2.0 0.06048387096774194 0.9537037037037037 0.2 97.0 453.0 0.0 9.0 20.0 31.0
1.0 2.0 1.0 0.03571428571428571 0.0 0.275 14.0 62.0 0.0 0.0 1.0 8.0
44.0 22.0 15.0 0.0019607843137254897 1.16 1.5486111111111112 243.0 1111.0 3.0 13.0 41.0 85.0
55.0 10.0 18.0 0.07815126050420167 3.1441412644242837 0.9864405439595192 407.0 1621.0 0.0 40.0 54.0 116.0
7.0 7.0 9.0 0.06935057302380253 0.9823573573573573 0.5525525525525525 133.0 506.0 0.0 61.0 37.0 79.0
19.0 9.0 3.0 0.012950971322849213 1.4741935483870967 0.16045321637426901 88.0 336.0 0.0 8.0 12.0 48.0
8.0 9.0 11.0 0.18583042973286876 0.9352226720647774 0.05811965811965812 97.0 398.0 0.0 11.0 19.0 43.0
4.0 0.0 11.0 0.35650623885918004 1.2361111111111112 0.890909090909091 111.0 445.0 0.0 6.0 8.0 41.0
0.0 3.0 1.0 0.003165988240615106 0.0 0.30434782608695654 178.0 678.0 0.0 0.0 3.0 47.0
0.0 5.0 1.0 0.07067603160667252 0.9425531914893617 0.09090909090909091 218.0 869.0 0.0 16.0 30.0 58.0
3.0 2.0 3.0 0.5452091767881242 0.8703007518796992 0.18181818181818182 284.0 1368.0 0.0 0.0 46.0 36.0
36.0 7.0 8.0 0.14020805065581185 2.7917620573870576 0.6547342621259029 314.0 1269.0 0.0 5.0 21.0 68.0
32.0 18.0 26.0 0.025592841163310953 4.4849033816425115 3.782936507936508 336.0 1363.0 0.0 42.0 53.0 155.0
13.0 11.0 6.0 0.07466666666666666 0.9582577132486388 1.051881622214103 226.0 958.0 0.0 19.0 19.0 124.0
26.0 17.0 17.0 0.015868351454598882 1.4381912817176317 0.0661764705882353 284.0 1225.0 0.0 18.0 31.0 86.0