4.0 4.0 3.0 0.0 0.5 0.0 4.0 35.0 0.0 2.0 2.0 3.0
0.0 1.0 1.0 0.3333333333333333 0.5 0.0 4.0 19.0 0.0 2.0 2.0 4.0
32.0 5.0 4.0 0.21428571428571427 1.6384615384615384 0.5547619047619048 147.0 673.0 0.0 4.0 24.0 32.0
1.0 1.0 2.0 0.0 0.0 0.6666666666666666 5.0 23.0 0.0 0.0 0.0 4.0
3.0 0.0 3.0 0.0 0.0 0.0 3.0 72.0 0.0 0.0 0.0 3.0
8.0 4.0 7.0 0.0 0.6568627450980393 1.0 42.0 568.0 0.0 0.0 3.0 38.0
1.0 0.0 4.0 0.07575757575757576 0.8363636363636363 0.25 21.0 92.0 0.0 10.0 5.0 12.0
0.0 1.0 1.0 0.0 0.75 0.14285714285714285 10.0 45.0 0.0 3.0 4.0 8.0
2.0 1.0 2.0 0.0 0.0 1.0 6.0 25.0 0.0 0.0 0.0 2.0
8.0 9.0 4.0 0.18128654970760233 0.5 0.1609907120743034 42.0 207.0 0.0 2.0 2.0 20.0
0.0 0.0 1.0 0.0 0.0 1.0 3.0 17.0 0.0 0.0 1.0 2.0
4.0 0.0 5.0 0.0 0.0 0.0 10.0 72.0 0.0 0.0 0.0 2.0
0.0 1.0 1.0 1.0 0.0 0.5 4.0 19.0 0.0 2.0 1.0 4.0
5.0 3.0 3.0 0.0 0.5 0.0 4.0 37.0 0.0 2.0 2.0 3.0
0.0 1.0 1.0 0.1111111111111111 0.8888888888888888 0.16666666666666666 10.0 46.0 0.0 10.0 5.0 10.0
0.0 1.0 1.0 0.0 0.75 0.125 11.0 48.0 0.0 3.0 4.0 9.0
1.0 2.0 1.0 0.1 0.6 0.25 7.0 33.0 0.0 2.0 2.0 6.0
0.0 0.0 2.0 0.0 0.0 1.0 1.0 8.0 0.0 0.0 0.0 1.0
9.0 1.0 6.0 0.36363636363636365 1.5 1.95 36.0 135.0 0.0 7.0 6.0 13.0
0.0 3.0 3.0 0.2857142857142857 0.9333333333333332 0.14285714285714285 19.0 75.0 0.0 4.0 5.0 11.0
0.0 0.0 1.0 0.0 0.8 0.125 9.0 43.0 0.0 4.0 5.0 9.0
1.0 0.0 5.0 0.0 0.0 0.0 2.0 10.0 0.0 0.0 0.0 2.0
0.0 1.0 1.0 0.0 0.0 0.3333333333333333 3.0 17.0 0.0 0.0 1.0 3.0
0.0 1.0 1.0 0.0 0.0 0.0 8.0 35.0 0.0 0.0 0.0 1.0
0.0 0.0 1.0 0.19047619047619047 0.625 0.5 10.0 30.0 0.0 2.0 2.0 7.0
4.0 2.0 3.0 0.0 0.0 0.4444444444444444 3.0 51.0 0.0 0.0 0.0 3.0
13.0 1.0 3.0 0.5684210526315789 0.375 0.0 25.0 387.0 0.0 0.0 3.0 20.0
0.0 1.0 3.0 0.0 0.0 0.3 6.0 50.0 0.0 0.0 0.0 5.0
6.0 6.0 5.0 0.05128205128205128 0.6666666666666666 0.28888888888888886 19.0 149.0 0.0 2.0 6.0 13.0
0.0 1.0 1.0 0.1 0.5333333333333333 0.25 20.0 94.0 0.0 1.0 5.0 5.0
0.0 0.0 1.0 0.0 0.0 0.0 1.0 7.0 0.0 0.0 0.0 0.0
12.0 0.0 5.0 0.2777777777777778 0.75 0.2222222222222222 11.0 66.0 0.0 7.0 4.0 9.0
1.0 1.0 2.0 0.1282051282051282 0.5333333333333333 0.5 9.0 70.0 0.0 0.0 3.0 6.0
5.0 4.0 1.0 0.15151515151515152 0.7142857142857143 0.08333333333333333 14.0 65.0 0.0 3.0 3.0 13.0
0.0 0.0 1.0 0.0 0.5 0.0 3.0 15.0 0.0 2.0 2.0 3.0
0.0 1.0 2.0 0.3333333333333333 0.6666666666666666 0.25 5.0 22.0 0.0 4.0 2.0 5.0
2.0 1.0 1.0 0.7619047619047619 0.42857142857142855 0.0 8.0 31.0 0.0 2.0 2.0 8.0
0.0 2.0 1.0 0.0 0.0 0.0 9.0 47.0 0.0 0.0 0.0 1.0
0.0 1.0 1.0 0.0 0.0 0.5 4.0 15.0 0.0 0.0 0.0 3.0
13.0 6.0 1.0 0.0 0.0 0.0 77.0 360.0 0.0 0.0 0.0 1.0
0.0 1.0 1.0 0.3611111111111111 0.6458333333333333 0.1111111111111111 15.0 78.0 0.0 1.0 6.0 12.0
3.0 9.0 6.0 0.07977207977207977 0.7083333333333334 0.0641025641025641 61.0 261.0 0.0 8.0 4.0 27.0
1.0 1.0 1.0 0.0 0.0 1.0 8.0 65.0 0.0 0.0 1.0 2.0
0.0 1.0 1.0 0.006535947712418301 0.0 0.0 20.0 74.0 0.0 2.0 0.0 1.0
7.0 10.0 1.0 0.0563265306122449 0.9124668435013262 0.07654320987654321 123.0 509.0 0.0 10.0 13.0 50.0
16.0 17.0 1.0 0.11597938144329897 0.914027149321267 0.0546875 231.0 927.0 0.0 7.0 17.0 98.0
3.0 1.0 2.0 0.0700354609929078 0.8988095238095238 0.1746031746031746 115.0 590.0 0.0 9.0 16.0 42.0
32.0 16.0 8.0 0.0 0.9421487603305785 0.07602339181286549 175.0 859.0 0.0 12.0 12.0 61.0
33.0 7.0 3.0 0.338544306264863 0.6262135922330098 0.01569506726457399 240.0 3404.0 0.0 0.0 3.0 224.0
21.0 27.0 1.0 0.0 0.9285714285714285 1.0312997347480106 96.0 599.0 0.0 26.0 14.0 67.0
11.0 18.0 2.0 0.0649692712906058 0.9530046224961479 1.0301984469370147 113.0 467.0 0.0 24.0 24.0 66.0
13.0 18.0 2.0 0.01376786336702684 1.5658182813355228 0.028368794326241134 232.0 1008.0 0.0 43.0 45.0 148.0
21.0 11.0 5.0 0.6455026455026455 0.7703349282296651 0.5662337662337662 161.0 658.0 0.0 1.0 11.0 29.0
23.0 17.0 1.0 0.03146997929606625 0.9327731092436975 0.05229993698802773 166.0 809.0 0.0 18.0 14.0 71.0
30.0 18.0 2.0 4.1228612657184083E-4 1.436842105263158 0.2525686977299881 228.0 910.0 0.0 9.0 22.0 101.0