0.0 2.0 3.0 0.0 0.0 1.0 13.0 50.0 0.0 0.0 0.0 8.0
0.0 1.0 4.0 0.0 0.0 0.0 1.0 8.0 0.0 0.0 0.0 1.0
0.0 0.0 2.0 0.0 0.0 0.14285714285714285 24.0 91.0 0.0 3.0 0.0 7.0
1.0 3.0 3.0 0.16666666666666666 0.9166666666666666 0.25 8.0 50.0 0.0 1.0 4.0 5.0
0.0 3.0 1.0 0.0 0.0 0.0 0.0 139.0 0.0 0.0 0.0 0.0
0.0 3.0 3.0 1.0714285714285714 0.6 0.15 13.0 80.0 0.0 0.0 5.0 10.0
0.0 1.0 7.0 0.0 0.0 0.1111111111111111 13.0 64.0 0.0 2.0 1.0 10.0
0.0 0.0 5.0 0.0 0.0 0.3333333333333333 21.0 137.0 0.0 0.0 0.0 5.0
0.0 0.0 1.0 0.0 0.0 0.0 1.0 45.0 0.0 0.0 0.0 0.0
1.0 3.0 2.0 0.022222222222222223 1.0 0.38095238095238093 12.0 97.0 0.0 0.0 2.0 8.0
0.0 0.0 5.0 0.41333333333333333 0.6296296296296295 0.06666666666666667 53.0 263.0 0.0 0.0 3.0 28.0
0.0 0.0 6.0 0.08333333333333333 0.0 0.18518518518518517 19.0 78.0 0.0 0.0 1.0 10.0
0.0 1.0 2.0 1.0 0.16666666666666666 0.3333333333333333 13.0 63.0 0.0 0.0 2.0 4.0
0.0 0.0 1.0 0.0 0.0 0.0 3.0 16.0 0.0 0.0 0.0 1.0
0.0 3.0 4.0 0.8 0.75 0.3333333333333333 22.0 72.0 0.0 0.0 2.0 8.0
1.0 3.0 3.0 0.10714285714285714 0.5 0.4166666666666667 14.0 115.0 0.0 0.0 2.0 5.0
0.0 1.0 2.0 0.0 0.0 0.26666666666666666 44.0 180.0 0.0 1.0 0.0 11.0
0.0 1.0 2.0 0.0 0.0 0.26666666666666666 53.0 189.0 0.0 1.0 0.0 11.0
9.0 7.0 5.0 0.0 0.8952380952380953 1.0606060606060606 48.0 285.0 0.0 11.0 10.0 30.0
4.0 6.0 3.0 0.2077922077922078 0.4090909090909091 0.06944444444444445 57.0 204.0 0.0 1.0 2.0 25.0
4.0 6.0 4.0 0.17391304347826086 0.4090909090909091 0.07371794871794872 62.0 208.0 0.0 1.0 2.0 27.0
0.0 2.0 2.0 0.0 0.0 1.0 4.0 41.0 0.0 0.0 3.0 3.0
1.0 5.0 2.0 0.6666666666666666 0.0 0.16666666666666666 8.0 46.0 0.0 1.0 1.0 8.0
0.0 1.0 4.0 1.0 0.0 0.0 8.0 41.0 0.0 0.0 1.0 6.0
0.0 2.0 2.0 0.0 0.5 0.0 4.0 21.0 0.0 0.0 2.0 4.0
0.0 5.0 1.0 0.029871977240398292 0.85 0.06196581196581197 64.0 268.0 0.0 5.0 5.0 40.0
2.0 2.0 1.0 0.03636363636363636 0.65 0.23376623376623376 22.0 141.0 0.0 1.0 5.0 13.0
2.0 4.0 1.0 0.4 0.0 0.2916666666666667 22.0 98.0 0.0 0.0 3.0 8.0
1.0 2.0 4.0 0.2727272727272727 0.7916666666666667 0.21212121212121213 71.0 258.0 0.0 1.0 6.0 13.0
2.0 1.0 1.0 0.0 0.0 0.0 100.0 468.0 0.0 0.0 0.0 1.0
0.0 0.0 5.0 0.0 0.0 1.0 4.0 18.0 0.0 0.0 0.0 2.0
0.0 0.0 2.0 0.0 0.0 0.14285714285714285 24.0 98.0 0.0 3.0 0.0 7.0
0.0 0.0 2.0 0.16666666666666666 0.6666666666666666 0.5 11.0 52.0 0.0 2.0 3.0 6.0
1.0 0.0 4.0 0.0 0.0 0.25 21.0 193.0 0.0 0.0 0.0 9.0
0.0 1.0 4.0 0.0 0.0 0.3148148148148148 14.0 89.0 0.0 0.0 0.0 6.0
1.0 0.0 6.0 0.21428571428571427 0.25 0.14285714285714285 16.0 101.0 0.0 0.0 2.0 8.0
4.0 0.0 1.0 0.0 0.0 0.0 3.0 25.0 0.0 0.0 0.0 0.0
0.0 0.0 4.0 0.7777777777777778 0.0 0.16666666666666666 10.0 56.0 0.0 0.0 1.0 10.0
1.0 7.0 2.0 0.0 0.0 0.0 12.0 68.0 0.0 0.0 0.0 1.0
0.0 2.0 5.0 0.35789473684210527 0.46153846153846156 0.06875 35.0 172.0 0.0 0.0 2.0 22.0
4.0 0.0 1.0 0.0 0.0 0.0 3.0 26.0 0.0 0.0 0.0 0.0
0.0 3.0 4.0 0.07692307692307693 0.8 0.16666666666666666 21.0 170.0 0.0 4.0 6.0 8.0
0.0 3.0 2.0 0.03571428571428571 0.5 0.3333333333333333 22.0 142.0 0.0 0.0 9.0 11.0
3.0 4.0 7.0 0.1111111111111111 0.8333333333333334 0.1 27.0 180.0 0.0 2.0 4.0 11.0
3.0 2.0 7.0 0.0 0.0 0.2 17.0 306.0 0.0 0.0 1.0 6.0
0.0 1.0 2.0 0.0 0.0 0.5 5.0 24.0 0.0 0.0 0.0 3.0
0.0 1.0 1.0 0.5111111111111111 0.6041666666666666 0.4 41.0 145.0 0.0 3.0 6.0 12.0
1.0 1.0 3.0 0.0 0.0 0.5 3.0 16.0 0.0 0.0 1.0 3.0
5.0 5.0 7.0 0.19914651493598862 1.0833333333333333 0.8876190476190475 98.0 551.0 0.0 0.0 8.0 39.0
7.0 4.0 6.0 0.15384615384615385 0.7333333333333334 1.3148148148148147 79.0 505.0 0.0 0.0 7.0 24.0
1.0 2.0 5.0 0.2793522267206478 0.5 0.7749999999999999 100.0 564.0 0.0 0.0 4.0 24.0
6.0 9.0 4.0 0.36428571428571427 0.46875 0.05450733752620545 112.0 495.0 0.0 1.0 2.0 55.0
1.0 2.0 5.0 0.40670859538784065 1.2545454545454546 0.28273809523809523 197.0 844.0 4.0 7.0 9.0 61.0
0.0 2.0 6.0 0.010651629072681704 0.8522727272727273 0.0873015873015873 118.0 663.0 0.0 2.0 8.0 20.0
0.0 0.0 7.0 0.3152173913043478 0.7678571428571428 0.75 121.0 674.0 0.0 0.0 15.0 13.0
6.0 5.0 1.0 0.028282828282828285 0.6666666666666666 0.08683473389355742 275.0 1231.0 0.0 0.0 3.0 43.0
13.0 7.0 2.0 0.0125 0.8392857142857143 0.11 519.0 2116.0 7.0 0.0 18.0 63.0
25.0 11.0 1.0 0.06509803921568627 0.8571428571428572 0.09304347826086956 142.0 925.0 0.0 2.0 7.0 47.0
11.0 10.0 2.0 0.0 0.0 1.0 107.0 1332.0 0.0 0.0 2.0 3.0
12.0 11.0 7.0 0.0 0.9500674763832658 0.278125 260.0 1174.0 0.0 18.0 26.0 96.0