0.0 0.0 2.0 0.05555555555555555 0.6666666666666666 0.2222222222222222 9.0 38.0 0.0 4.0 2.0 9.0
0.0 2.0 2.0 0.6666666666666666 0.6666666666666666 0.3333333333333333 4.0 25.0 0.0 2.0 3.0 4.0
0.0 1.0 2.0 0.5 0.0 0.375 8.0 27.0 0.0 2.0 1.0 5.0
6.0 4.0 2.0 1.0 0.6666666666666666 0.38095238095238093 10.0 75.0 0.0 0.0 3.0 8.0
0.0 2.0 3.0 1.0 0.25 0.3333333333333333 5.0 52.0 0.0 0.0 2.0 3.0
0.0 2.0 1.0 0.32727272727272727 0.7777777777777777 1.1 18.0 82.0 0.0 3.0 6.0 11.0
0.0 1.0 2.0 0.0 0.0 0.0 2.0 14.0 0.0 0.0 0.0 2.0
6.0 1.0 9.0 0.1978021978021978 0.8333333333333334 0.16071428571428573 14.0 64.0 0.0 12.0 6.0 14.0
3.0 2.0 2.0 0.0010570824524312897 0.0 0.14285714285714285 45.0 169.0 0.0 1.0 1.0 43.0
7.0 0.0 5.0 0.0 0.0 0.0 3.0 129.0 0.0 0.0 0.0 3.0
1.0 0.0 7.0 0.0 0.0 0.0 2.0 20.0 0.0 0.0 0.0 1.0
0.0 0.0 3.0 1.0 0.0 0.0 2.0 25.0 0.0 0.0 2.0 2.0
0.0 0.0 1.0 0.0 0.0 0.0 1.0 8.0 0.0 0.0 0.0 1.0
0.0 1.0 2.0 0.0 0.0 0.0 2.0 16.0 0.0 0.0 0.0 2.0
0.0 0.0 3.0 0.043560606060606064 0.9506172839506173 0.09696969696969697 35.0 136.0 0.0 16.0 12.0 33.0
1.0 1.0 3.0 0.0 0.0 1.0 8.0 30.0 0.0 0.0 0.0 3.0
2.0 1.0 1.0 0.0 0.0 0.5 7.0 49.0 0.0 0.0 0.0 4.0
1.0 1.0 3.0 0.0 0.0 2.4 24.0 132.0 0.0 0.0 0.0 7.0
1.0 1.0 4.0 0.5 0.0 0.0 4.0 27.0 0.0 0.0 1.0 4.0
0.0 1.0 1.0 0.07575757575757576 0.9357142857142857 0.06293706293706294 33.0 139.0 0.0 28.0 14.0 33.0
0.0 1.0 1.0 0.0 0.0 0.0 2.0 19.0 0.0 0.0 0.0 0.0
0.0 0.0 1.0 0.0 0.0 0.25 6.0 27.0 0.0 0.0 0.0 5.0
0.0 1.0 2.0 0.0 0.0 1.0 3.0 32.0 0.0 0.0 0.0 2.0
0.0 4.0 1.0 0.26666666666666666 0.75 0.2708333333333333 18.0 80.0 0.0 3.0 3.0 6.0
0.0 1.0 1.0 1.0 0.0 0.5 4.0 20.0 0.0 0.0 1.0 3.0
0.0 0.0 2.0 0.0 0.0 1.0 11.0 67.0 0.0 0.0 1.0 2.0
4.0 1.0 6.0 0.0 0.0 0.0 2.0 39.0 0.0 0.0 0.0 2.0
3.0 0.0 5.0 0.0 0.0 0.0 1.0 34.0 0.0 0.0 0.0 1.0
2.0 0.0 4.0 0.0 0.0 0.2 5.0 70.0 0.0 0.0 0.0 5.0
3.0 0.0 3.0 0.0 0.0 0.0 3.0 64.0 0.0 0.0 0.0 3.0
2.0 6.0 2.0 0.03224043715846994 0.9764437689969604 0.12442396313364056 149.0 585.0 0.0 47.0 47.0 63.0
9.0 7.0 2.0 0.24024024024024024 0.8791666666666668 1.1043771043771045 100.0 495.0 0.0 7.0 10.0 29.0
21.0 0.0 7.0 0.0 0.0 0.0 24.0 586.0 0.0 0.0 0.0 24.0
6.0 12.0 1.0 0.12317073170731707 0.9522144522144522 0.11217948717948718 194.0 672.0 0.0 1.0 26.0 40.0
1.0 3.0 1.0 0.005681818181818182 0.9654761904761905 0.04040404040404041 112.0 386.0 1.0 26.0 28.0 34.0
5.0 6.0 1.0 0.050072568940493466 0.961436170212766 0.06535947712418301 114.0 456.0 0.0 19.0 32.0 53.0
3.0 5.0 3.0 0.1 0.8148148148148148 0.11555555555555555 153.0 698.0 0.0 5.0 15.0 46.0
12.0 7.0 1.0 0.1066066066066066 0.8654970760233918 0.10256410256410256 173.0 721.0 0.0 5.0 9.0 39.0
10.0 8.0 5.0 0.4683046683046683 0.8928571428571429 0.027777777777777776 658.0 1937.0 3.0 0.0 24.0 112.0
20.0 161.0 76.0 0.12587810898044435 8.656500264195975 21.51766711229946 375.0 1555.0 0.0 83.0 91.0 299.0
