0.0 0.0 4.0 0.08791208791208792 0.75 0.1111111111111111 39.0 114.0 0.0 7.0 4.0 21.0
0.0 0.0 6.0 0.0 0.0 0.0 12.0 45.0 0.0 0.0 0.0 12.0
34.0 25.0 17.0 0.3 1.2285714285714286 2.7916666666666665 116.0 530.0 1.0 1.0 14.0 33.0
3.0 3.0 6.0 0.2 0.0 0.16666666666666666 15.0 63.0 0.0 0.0 1.0 8.0
2.0 5.0 3.0 0.14285714285714285 0.6666666666666666 0.14285714285714285 20.0 86.0 0.0 2.0 3.0 11.0
0.0 2.0 2.0 0.0 0.0 1.0 9.0 29.0 0.0 0.0 0.0 1.0
0.0 2.0 2.0 0.0 0.0 0.5 6.0 37.0 0.0 0.0 0.0 2.0
1.0 2.0 2.0 0.0 0.0 0.3333333333333333 8.0 41.0 0.0 0.0 0.0 3.0
0.0 0.0 2.0 0.3333333333333333 0.625 0.25 10.0 47.0 0.0 0.0 2.0 6.0
0.0 0.0 4.0 0.0 0.0 1.0 1.0 16.0 0.0 0.0 0.0 1.0
2.0 3.0 3.0 0.24444444444444444 0.4 0.1 15.0 74.0 0.0 0.0 2.0 12.0
2.0 5.0 2.0 0.08 0.9349999999999999 0.06018518518518518 37.0 144.0 0.0 0.0 10.0 29.0
0.0 2.0 2.0 0.0 0.0 1.0 2.0 16.0 0.0 0.0 0.0 2.0
0.0 3.0 2.0 0.0 0.0 1.0 2.0 14.0 0.0 0.0 0.0 2.0
0.0 2.0 1.0 0.19473684210526315 0.5681818181818182 0.26666666666666666 37.0 144.0 0.0 2.0 4.0 21.0
0.0 2.0 3.0 0.0 0.0 0.0 3.0 20.0 0.0 0.0 0.0 3.0
5.0 4.0 3.0 0.3 0.0 0.2 24.0 91.0 0.0 0.0 1.0 6.0
0.0 1.0 1.0 0.0 0.0 0.6666666666666666 3.0 8.0 0.0 0.0 0.0 3.0
7.0 6.0 1.0 0.08771929824561403 0.0 0.0 42.0 222.0 0.0 0.0 0.0 0.0
2.0 2.0 3.0 1.0 0.509090909090909 0.0 56.0 1091.0 0.0 0.0 2.0 56.0
3.0 4.0 3.0 1.0643939393939394 0.0 0.125 69.0 555.0 0.0 0.0 1.0 34.0
1.0 1.0 3.0 0.9642857142857143 0.19047619047619044 0.125 51.0 273.0 0.0 0.0 3.0 8.0
0.0 0.0 3.0 1.0 0.16000000000000003 0.0 244.0 1064.0 0.0 0.0 5.0 31.0
2.0 3.0 3.0 0.798941798941799 0.0 0.5416666666666666 34.0 641.0 0.0 0.0 0.0 26.0
0.0 1.0 2.0 0.0 0.0 1.0 3.0 17.0 0.0 0.0 0.0 2.0
0.0 0.0 1.0 0.36182336182336183 0.7473684210526316 0.15432098765432098 68.0 350.0 1.0 3.0 15.0 36.0
0.0 1.0 1.0 0.015151515151515152 0.7999999999999999 0.16666666666666666 39.0 140.0 0.0 0.0 5.0 8.0
0.0 1.0 3.0 0.14193548387096774 0.906832298136646 0.09655172413793103 257.0 1264.0 0.0 0.0 38.0 31.0
34.0 11.0 5.0 0.575187969924812 1.6837606837606838 1.3227272727272728 210.0 1012.0 0.0 7.0 20.0 83.0
25.0 7.0 3.0 0.030303030303030304 0.48148148148148145 0.16835016835016836 170.0 801.0 0.0 0.0 3.0 34.0
5.0 8.0 3.0 0.14516129032258066 0.8937728937728937 0.08928571428571429 124.0 510.0 0.0 12.0 21.0 36.0
4.0 5.0 2.0 0.0 0.7661290322580645 1.125 252.0 933.0 0.0 0.0 9.0 49.0
80.0 43.0 14.0 0.3951923076923077 2.7703962703962706 0.34907407407407404 146.0 632.0 0.0 7.0 48.0 68.0
33.0 27.0 19.0 0.2014162077104642 4.778551919095397 1.2254992319508446 257.0 1162.0 0.0 7.0 52.0 132.0
8.0 10.0 2.0 0.3595959595959596 1.1892361111111112 0.27717391304347827 310.0 1230.0 4.0 4.0 10.0 43.0
108.0 38.0 13.0 0.5129802699896157 5.722498334998335 3.3181829836829833 400.0 1844.0 0.0 9.0 76.0 118.0