0.0 0.0 1.0 0.0 0.0 0.0 14.0 85.0 0.0 0.0 0.0 0.0
0.0 3.0 6.0 0.0 0.0 0.14473684210526316 41.0 169.0 0.0 0.0 1.0 20.0
0.0 1.0 6.0 0.0 0.0 0.16666666666666666 36.0 155.0 0.0 0.0 0.0 35.0
0.0 1.0 5.0 0.0 0.0 0.36666666666666664 14.0 47.0 0.0 0.0 0.0 11.0
0.0 12.0 2.0 0.03463203463203463 0.859375 0.0743801652892562 126.0 551.0 0.0 2.0 8.0 25.0
0.0 1.0 1.0 0.0 0.0 0.75 22.0 65.0 0.0 0.0 0.0 2.0
5.0 17.0 1.0 0.10476190476190476 0.9343434343434344 0.07539682539682539 58.0 306.0 0.0 1.0 18.0 21.0
0.0 1.0 1.0 0.8181818181818182 0.15999999999999998 0.13636363636363635 43.0 189.0 0.0 0.0 5.0 12.0
0.0 1.0 3.0 0.0 0.0 0.4444444444444444 11.0 52.0 0.0 0.0 0.0 3.0
0.0 1.0 3.0 0.0 0.0 0.4444444444444444 5.0 38.0 0.0 0.0 0.0 3.0
29.0 14.0 1.0 0.0 0.0 0.0 247.0 924.0 0.0 0.0 0.0 0.0
0.0 1.0 2.0 1.0 0.0 0.0 3.0 18.0 0.0 0.0 1.0 3.0
1.0 5.0 2.0 0.0 0.0 1.0 19.0 104.0 0.0 0.0 0.0 2.0
9.0 6.0 4.0 0.0 0.0 0.16666666666666666 53.0 258.0 0.0 0.0 0.0 14.0
0.0 1.0 1.0 0.17857142857142858 0.75 0.3125 22.0 93.0 0.0 0.0 5.0 10.0
1.0 2.0 3.0 0.0 0.9684210526315788 0.1 85.0 330.0 0.0 0.0 20.0 46.0
0.0 1.0 1.0 0.9166666666666666 0.027777777777777776 0.3888888888888889 76.0 255.0 0.0 1.0 2.0 26.0
0.0 0.0 3.0 0.0 0.0 0.0 2.0 9.0 0.0 0.0 0.0 2.0
1.0 0.0 1.0 0.07692307692307693 0.9090909090909091 0.2 18.0 72.0 0.0 6.0 6.0 16.0
0.0 3.0 6.0 0.0 0.0 0.23076923076923078 26.0 108.0 0.0 0.0 1.0 14.0
0.0 1.0 6.0 0.0 0.0 0.5 5.0 28.0 0.0 0.0 0.0 5.0
0.0 1.0 6.0 0.0 0.0 0.5 3.0 20.0 0.0 0.0 0.0 3.0
0.0 1.0 6.0 0.0 0.0 0.5 13.0 60.0 0.0 0.0 0.0 13.0
0.0 1.0 6.0 0.0 0.0 0.16666666666666666 21.0 82.0 0.0 0.0 0.0 17.0
0.0 3.0 6.0 0.018145161290322582 0.9375 0.13333333333333333 80.0 451.0 0.0 0.0 6.0 31.0
0.0 1.0 6.0 0.0 0.0 0.5 5.0 19.0 0.0 0.0 0.0 5.0
0.0 1.0 6.0 0.0 0.0 0.5 7.0 25.0 0.0 0.0 0.0 7.0
0.0 1.0 6.0 0.0 0.0 0.5 7.0 25.0 0.0 0.0 0.0 7.0
0.0 1.0 6.0 0.0 0.0 0.16666666666666666 21.0 67.0 0.0 0.0 0.0 21.0
0.0 2.0 1.0 0.07142857142857142 0.880952380952381 0.125 10.0 48.0 6.0 0.0 6.0 10.0
0.0 1.0 3.0 1.0 0.0 0.0 4.0 32.0 0.0 0.0 1.0 4.0
0.0 1.0 4.0 0.0 0.0 0.0 4.0 18.0 0.0 0.0 0.0 4.0
0.0 1.0 3.0 1.0 0.0 0.0 3.0 27.0 0.0 0.0 1.0 3.0
0.0 3.0 1.0 0.0 0.0 0.0 1.0 12.0 0.0 0.0 5.0 1.0
2.0 1.0 5.0 1.0 0.0 0.0 6.0 42.0 0.0 0.0 1.0 4.0
0.0 2.0 4.0 0.13333333333333333 0.7976190476190476 0.1111111111111111 27.0 116.0 0.0 6.0 7.0 17.0
6.0 3.0 2.0 0.0 0.0 0.14545454545454545 185.0 612.0 0.0 0.0 0.0 12.0
0.0 4.0 1.0 0.14705882352941177 0.8333333333333334 0.13725490196078433 40.0 182.0 0.0 3.0 6.0 18.0
0.0 2.0 1.0 1.0 0.0 0.5 2.0 17.0 3.0 0.0 3.0 2.0
1.0 1.0 1.0 0.0 0.0 1.0 29.0 92.0 0.0 0.0 3.0 2.0
0.0 0.0 4.0 0.0 0.0 0.0 2.0 9.0 0.0 0.0 0.0 2.0
0.0 1.0 1.0 0.0 0.0 1.0 4.0 16.0 0.0 0.0 0.0 2.0
0.0 2.0 1.0 0.0 0.0 1.0 4.0 19.0 0.0 0.0 1.0 2.0
0.0 2.0 3.0 0.4 0.5 0.6666666666666666 37.0 121.0 0.0 0.0 2.0 7.0
0.0 1.0 2.0 0.0 0.0 0.4444444444444444 5.0 21.0 0.0 0.0 0.0 3.0
5.0 1.0 4.0 0.0 0.0 0.8333333333333333 15.0 58.0 0.0 0.0 1.0 6.0
0.0 1.0 2.0 0.75 0.625 0.16666666666666666 14.0 64.0 0.0 0.0 4.0 10.0
1.0 6.0 16.0 2.0 1.0833333333333335 0.976190476190476 56.0 211.0 0.0 4.0 13.0 25.0
9.0 3.0 1.0 0.24358974358974358 0.5416666666666666 0.08333333333333333 52.0 186.0 4.0 0.0 6.0 12.0
10.0 3.0 1.0 0.2 0.625 0.2916666666666667 31.0 109.0 0.0 0.0 2.0 7.0
0.0 7.0 1.0 0.24242424242424243 0.9285714285714286 0.4666666666666667 43.0 213.0 0.0 0.0 14.0 15.0
2.0 9.0 5.0 0.5357142857142857 0.7222222222222223 0.7916666666666666 21.0 90.0 0.0 1.0 4.0 11.0
0.0 2.0 2.0 0.9 0.2 0.4 16.0 61.0 0.0 0.0 2.0 6.0
0.0 1.0 3.0 0.047619047619047616 0.5 0.14285714285714285 9.0 40.0 0.0 2.0 2.0 9.0
5.0 5.0 2.0 0.0 0.0 1.0 7.0 48.0 0.0 0.0 0.0 2.0
23.0 9.0 2.0 0.1 1.3333333333333335 0.4666666666666667 65.0 254.0 0.0 0.0 3.0 6.0
0.0 3.0 1.0 1.0 0.38888888888888884 0.3333333333333333 19.0 73.0 0.0 0.0 6.0 6.0
0.0 2.0 2.0 1.0 0.42857142857142855 0.19047619047619047 17.0 102.0 0.0 0.0 2.0 8.0
0.0 14.0 3.0 0.0196078431372549 0.8846153846153846 0.08333333333333333 73.0 381.0 0.0 0.0 13.0 22.0
0.0 3.0 6.0 0.0 0.0 0.0 4.0 27.0 0.0 0.0 0.0 4.0
3.0 1.0 2.0 0.1 0.0 0.2 13.0 59.0 0.0 0.0 1.0 11.0
0.0 1.0 1.0 0.0 0.0 1.0 8.0 48.0 0.0 0.0 1.0 6.0
0.0 0.0 2.0 0.0 0.0 0.3333333333333333 7.0 73.0 0.0 0.0 0.0 6.0
5.0 5.0 2.0 0.0 0.0 0.1388888888888889 41.0 193.0 0.0 0.0 0.0 17.0
0.0 0.0 1.0 0.0 0.0 0.0 0.0 8.0 0.0 0.0 0.0 0.0
0.0 0.0 4.0 0.0 0.0 0.0 1.0 23.0 1.0 0.0 1.0 1.0
0.0 0.0 4.0 0.0 0.0 0.0 1.0 8.0 0.0 0.0 0.0 1.0
0.0 0.0 1.0 0.0 0.0 0.3333333333333333 6.0 42.0 0.0 0.0 0.0 4.0
7.0 3.0 8.0 0.8705696202531645 1.341860465116279 0.7424657534246575 267.0 1281.0 0.0 0.0 18.0 81.0
0.0 7.0 1.0 0.07259407259407259 0.5 0.051041666666666666 260.0 842.0 0.0 0.0 2.0 82.0
6.0 11.0 2.0 0.27682926829268295 0.9030303030303031 0.08055555555555556 307.0 1264.0 0.0 2.0 25.0 42.0
12.0 13.0 4.0 0.7125506072874493 1.2208333333333332 1.9333333333333331 204.0 808.0 0.0 2.0 26.0 41.0
18.0 22.0 1.0 0.25161887141535616 0.9327199539965497 0.09707446808510638 240.0 1029.0 0.0 2.0 47.0 48.0
0.0 1.0 3.0 0.14814814814814814 0.33333333333333326 0.7342857142857143 124.0 424.0 0.0 0.0 3.0 28.0
71.0 64.0 14.0 0.23664256744842183 3.387998712998713 3.542305037957212 510.0 2112.0 2.0 2.0 97.0 115.0
0.0 4.0 4.0 0.0 0.0 0.6666666666666666 20.0 118.0 0.0 0.0 1.0 7.0
0.0 0.0 1.0 0.125 0.0 0.0 48.0 262.0 0.0 0.0 0.0 0.0
8.0 6.0 2.0 0.0784313725490196 0.6428571428571429 0.1597222222222222 225.0 812.0 0.0 0.0 7.0 22.0
14.0 12.0 1.0 0.23714458560193588 0.8972222222222221 0.0641025641025641 270.0 1126.0 0.0 0.0 20.0 61.0
30.0 20.0 3.0 0.2952475247524753 0.9672532858097573 0.739404691504041 326.0 1515.0 3.0 0.0 71.0 93.0
13.0 17.0 5.0 0.05937266616878267 0.9408805031446541 0.06432038834951456 280.0 1102.0 0.0 11.0 17.0 108.0
19.0 8.0 4.0 0.5847234416154522 1.3435660218671153 0.4549062049062049 487.0 1534.0 0.0 0.0 31.0 93.0
12.0 20.0 10.0 0.43478260869565216 2.7535573400958016 0.7702380952380952 356.0 1411.0 17.0 5.0 50.0 78.0
39.0 7.0 2.0 0.07547169811320754 1.6074481074481073 0.5875 836.0 2126.0 0.0 1.0 23.0 34.0
27.0 17.0 3.0 0.5005537098560354 0.8287197231833909 0.13122923588039867 332.0 1484.0 0.0 2.0 34.0 44.0